11001 1001 1045
11002 1002 1046
11003 1003 1047
11004 1004 1048
11005 1005 1049
11006 1006 1050
11007 1007 1051
11008 1008 1052
11009 1009 1053
11010 1010 1054
11011 1011 1055
11012 1012 1056
11013 1013 1057
11014 1014 1058
11015 1015 1059
11016 1016 1060
11017 1017 1061
11018 1018 1062
11019 1019 1063
11020 1020 1064
11021 1021 1065
11022 1022 1066
11023 1023 1067
11024 1024 1068
11025 1025 1069
11026 1026 1070
11027 1027 1071
11028 1028 1072
11029 1029 1073
11030 1030 1074
11031 1031 1075
11032 1032 1076
11033 1033 1077
11034 1034 1078
11035 1035 1079
11036 1036 1080
11037 1037 1081
11038 1038 1082
11039 1039 1083
11040 1040 1084
11041 1041 1085
11042 1042 1086
11043 1043 1087
11044 1044 1088
11045 1045 1089
11046 1046 1090
11047 1047 1091
11048 1048 1092
11049 1049 1093
11050 1050 1094
11051 1051 1095
11052 1052 1096
11053 1053 1097
11054 1054 1098
11055 1055 1099
11056 1056 1100
11057 1057 1101
11058 1058 1102
11059 1059 1103
11060 1060 1104
11061 1061 1105
11062 1062 1106
11063 1063 1107
11064 1064 1108
11065 1065 1109
11066 1066 1110
11067 1067 1111
11068 1068 1112
11069 1069 1113
11070 1070 1114
11071 1071 1115
11072 1072 1116
11073 1073 1117
11074 1074 1118
11075 1075 1119
11076 1076 1120
11077 1077 1121
11078 1078 1122
11079 1079 1123
11080 1080 1124
11081 1081 1125
11082 1082 1126
11083 1083 1127
11084 1084 1128
11085 1085 1129
11086 1086 1130
11087 1087 1131
11088 1088 1132
11089 1089 1133
11090 1090 1134
11091 1091 1135
11092 1092 1136
11093 1093 1137
11094 1094 1138
11095 1095 1139
11096 1096 1140
11097 1097 1141
11098 1098 1142
11099 1099 1143
11100 1100 1144
11101 1101 1145
11102 1102 1146
11103 1103 1147
11104 1104 1148
11105 1105 1149
11106 1106 1150
11107 1107 1151
11108 1108 1152
11109 1109 1153
11110 1110 1154
11111 1111 1155
11112 1112 1156
11113 1113 1157
11114 1114 1158
11115 1115 1159
11116 1116 1160
11117 1117 1161
11118 1118 1162
11119 1119 1163
11120 1120 1164
11121 1121 1165
11122 1122 1166
11123 1123 1167
11124 1124 1168
11125 1125 1169
11126 1126 1170
11127 1127 1171
11128 1128 1172
11129 1129 1173
11130 1130 1174
11131 1131 1175
11132 1132 1176
11133 1133 1177
11134 1134 1178
11135 1135 1179
11136 1136 1180
11137 1137 1181
11138 1138 1182
11139 1139 1183
11140 1140 1184
11141 1141 1185
11142 1142 1186
11143 1143 1187
11144 1144 1188
11145 1145 1189
11146 1146 1190
11147 1147 1191
11148 1148 1192
11149 1149 1193
11150 1150 1194
11151 1151 1195
11152 1152 1196
11153 1153 1197
11154 1154 1198
11155 1155 1199
11156 1156 1200
11157 1157 1201
11158 1158 1202
11159 1159 1203
11160 1160 1204
11161 1161 1205
11162 1162 1206
11163 1163 1207
11164 1164 1208
11165 1165 1209
11166 1166 1210
11167 1167 1211
11168 1168 1212
11169 1169 1213
11170 1170 1214
11171 1171 1215
11172 1172 1216
11173 1173 1217
11174 1174 1218
11175 1175 1219
11176 1176 1220
11177 1177 1221
11178 1178 1222
11179 1179 1223
11180 1180 1224
11181 1181 1225
11182 1182 1226
11183 1183 1227
11184 1184 1228
11185 1185 1229
11186 1186 1230
11187 1187 1231
11188 1188 1232
11189 1189 1233
11190 1190 1234
11191 1191 1235
11192 1192 1236
11193 1193 1237
11194 1194 1238
11195 1195 1239
11196 1196 1240
11197 1197 1241
11198 1198 1242
11199 1199 1243
11200 1200 1244
11201 1201 1245
11202 1202 1246
11203 1203 1247
11204 1204 1248
11205 1205 1249
11206 1206 1250
11207 1207 1251
11208 1208 1252
11209 1209 1253
11210 1210 1254
11211 1211 1255
11212 1212 1256
11213 1213 1257
11214 1214 1258
11215 1215 1259
11216 1216 1260
11217 1217 1261
11218 1218 1262
11219 1219 1263
11220 1220 1264
11221 1221 1265
11222 1222 1266
11223 1223 1267
11224 1224 1268
11225 1225 1269
11226 1226 1270
11227 1227 1271
11228 1228 1272
11229 1229 1273
11230 1230 1274
11231 1231 1275
11232 1232 1276
11233 1233 1277
11234 1234 1278
11235 1235 1279
11236 1236 1280
11237 1237 1281
11238 1238 1282
11239 1239 1283
11240 1240 1284
11241 1241 1285
11242 1242 1286
11243 1243 1287
11244 1244 1288
11245 1245 1289
11246 1246 1290
11247 1247 1291
11248 1248 1292
11249 1249 1293
11250 1250 1294
11251 1251 1295
11252 1252 1296
11253 1253 1297
11254 1254 1298
11255 1255 1299
11256 1256 1300
11257 1257 1301
11258 1258 1302
11259 1259 1303
11260 1260 1304
11261 1261 1305
11262 1262 1306
11263 1263 1307
11264 1264 1308
11265 1265 1309
11266 1266 1310
11267 1267 1311
11268 1268 1312
11269 1269 1313
11270 1270 1314
11271 1271 1315
11272 1272 1316
11273 1273 1317
11274 1274 1318
11275 1275 1319
11276 1276 1320
11277 1277 1321
11278 1278 1322
11279 1279 1323
11280 1280 1324
11281 1281 1325
11282 1282 1326
11283 1283 1327
11284 1284 1328
11285 1285 1329
11286 1286 1330
11287 1287 1331
11288 1288 1332
11289 1289 1333
11290 1290 1334
11291 1291 1335
11292 1292 1336
11293 1293 1337
11294 1294 1338
11295 1295 1339
11296 1296 1340
11297 1297 1341
11298 1298 1342
11299 1299 1343
11300 1300 1344
11301 1301 1345
11302 1302 1346
11303 1303 1347
11304 1304 1348
11305 1305 1349
11306 1306 1350
11307 1307 1351
11308 1308 1352
11309 1309 1353
11310 1310 1354
11311 1311 1355
11312 1312 1356
11313 1313 1357
11314 1314 1358
11315 1315 1359
11316 1316 1360
11317 1317 1361
11318 1318 1362
11319 1319 1363
11320 1320 1364
11321 1321 1365
11322 1322 1366
11323 1323 1367
11324 1324 1368
11325 1325 1369
11326 1326 1370
11327 1327 1371
11328 1328 1372
11329 1329 1373
11330 1330 1374
11331 1331 1375
11332 1332 1376
11333 1333 1377
11334 1334 1378
11335 1335 1379
11336 1336 1380
11337 1337 1381
11338 1338 1382
11339 1339 1383
11340 1340 1384
11341 1341 1385
11342 1342 1386
11343 1343 1387
11344 1344 1388
11345 1345 1389
11346 1346 1390
11347 1347 1391
11348 1348 1392
11349 1349 1393
11350 1350 1394
11351 1351 1395
11352 1352 1396
11353 1353 1397
11354 1354 1398
11355 1355 1399
11356 1356 1400
11357 1357 1401
11358 1358 1402
11359 1359 1403
11360 1360 1404
11361 1361 1405
11362 1362 1406
11363 1363 1407
11364 1364 1408
11365 1365 1409
11366 1366 1410
11367 1367 1411
11368 1368 1412
11369 1369 1413
11370 1370 1414
11371 1371 1415
11372 1372 1416
11373 1373 1417
11374 1374 1418
11375 1375 1419
11376 1376 1420
11377 1377 1421
11378 1378 1422
11379 1379 1423
11380 1380 1424
11381 1381 1425
11382 1382 1426
11383 1383 1427
11384 1384 1428
11385 1385 1429
11386 1386 1430
11387 1387 1431
11388 1388 1432
11389 1389 1433
11390 1390 1434
11391 1391 1435
11392 1392 1436
11393 1393 1437
11394 1394 1438
11395 1395 1439
11396 1396 1440
11397 1397 1441
11398 1398 1442
11399 1399 1443
11400 1400 1444
11401 1401 1445
11402 1402 1446
11403 1403 1447
11404 1404 1448
11405 1405 1449
11406 1406 1450
11407 1407 1451
11408 1408 1452
11409 1409 1453
11410 1410 1454
11411 1411 1455
11412 1412 1456
11413 1413 1457
11414 1414 1458
11415 1415 1459
11416 1416 1460
11417 1417 1461
11418 1418 1462
11419 1419 1463
11420 1420 1464
11421 1421 1465
11422 1422 1466
11423 1423 1467
11424 1424 1468
11425 1425 1469
11426 1426 1470
11427 1427 1471
11428 1428 1472
11429 1429 1473
11430 1430 1474
11431 1431 1475
11432 1432 1476
11433 1433 1477
11434 1434 1478
11435 1435 1479
11436 1436 1480
11437 1437 1481
11438 1438 1482
11439 1439 1483
11440 1440 1484
11441 1441 1485
11442 1442 1486
11443 1443 1487
11444 1444 1488
11445 1445 1489
11446 1446 1490
11447 1447 1491
11448 1448 1492
11449 1449 1493
11450 1450 1494
11451 1451 1495
11452 1452 1496
11453 1453 1497
11454 1454 1498
11455 1455 1499
11456 1456 1500
11457 1457 1501
11458 1458 1502
11459 1459 1503
11460 1460 1504
11461 1461 1505
11462 1462 1506
11463 1463 1507
11464 1464 1508
11465 1465 1509
11466 1466 1510
11467 1467 1511
11468 1468 1512
11469 1469 1513
11470 1470 1514
11471 1471 1515
11472 1472 1516
11473 1473 1517
11474 1474 1518
11475 1475 1519
11476 1476 1520
11477 1477 1521
11478 1478 1522
11479 1479 1523
11480 1480 1524
11481 1481 1525
11482 1482 1526
11483 1483 1527
11484 1484 1528
11485 1485 1529
11486 1486 1530
11487 1487 1531
11488 1488 1532
11489 1489 1533
11490 1490 1534
11491 1491 1535
11492 1492 1536
11493 1493 1537
11494 1494 1538
11495 1495 1539
11496 1496 1540
11497 1497 1541
11498 1498 1542
11499 1499 1543
11500 1500 1544
11501 1501 1545
11502 1502 1546
11503 1503 1547
11504 1504 1548
11505 1505 1549
11506 1506 1550
11507 1507 1551
11508 1508 1552
11509 1509 1553
11510 1510 1554
11511 1511 1555
11512 1512 1556
11513 1513 1557
11514 1514 1558
11515 1515 1559
11516 1516 1560
11517 1517 1561
11518 1518 1562
11519 1519 1563
11520 1520 1564
11521 1521 1565
11522 1522 1566
11523 1523 1567
11524 1524 1568
11525 1525 1569
11526 1526 1570
11527 1527 1571
11528 1528 1572
11529 1529 1573
11530 1530 1574
11531 1532 1575
11532 1534 1576
11533 1536 1577
11534 1538 1578
11535 1540 1579
11536 1542 1580
11537 1544 1581
11538 1546 1582
11539 1548 1583
11540 1550 1584
11541 1551 1585
11542 1553 1586
11543 1555 1587
11544 1557 1588
11545 1559 1589
11546 1561 1590
11547 1563 1591
11548 1565 1592
11549 1567 1593
11550 1569 1594
11551 1571 1595
11552 1572 1596
12001 104601 104705
12002 104701 104805
12003 104801 104905
12004 104901 105005
12005 105001 105105
12006 105101 105205
12007 105201 105305
12008 105301 105405
12009 105401 105505
12010 105501 105605
12011 105601 105705
12012 105701 105805
12013 105801 105905
12014 105901 106005
12015 106001 106105
12016 106101 106205
12017 106201 106305
12018 106301 106405
12019 106401 106505
12020 106501 106605
12021 106701 106805
12022 106801 106905
12023 106901 107005
12024 107001 107105
12025 107101 107205
12026 107201 107305
12027 107301 107405
12028 107401 107505
12029 107501 107605
12030 107601 107705
12031 107701 107805
12032 107801 107905
12033 107901 108005
12034 108001 108105
12035 108101 108205
12036 108201 108305
12037 108301 108405
12038 108401 108505
12039 108501 108605
12040 108601 108705
12041 108901 109005
12042 109001 109105
12043 109101 109205
12044 109201 109305
12045 109301 109405
12046 109401 109505
12047 109501 109605
12048 109601 109705
12049 109701 109805
12050 109801 109905
12051 109901 110005
12052 110001 110105
12053 110101 110205
12054 110201 110305
12055 110301 110405
12056 110401 110505
12057 110501 110605
12058 110601 110705
12059 110701 110805
12060 110801 110905
12061 110901 111005
12062 111001 111105
12063 111101 111205
12064 111201 111305
12065 111301 111405
12066 111401 111505
12067 111501 111605
12068 111601 111705
12069 111701 111805
12070 111801 111905
12071 111901 112005
12072 112001 112105
12073 112101 112205
12074 112201 112305
12075 112301 112405
12076 112401 112505
12077 112501 112605
12078 112601 112705
12079 112701 112805
12080 112801 112905
12081 112901 113005
12082 113001 113105
12083 113101 113205
12084 113301 113405
12085 113401 113505
12086 113501 113605
12087 113601 113705
12088 113701 113805
12089 113801 113905
12090 113901 114005
12091 114001 114105
12092 114101 114205
12093 114201 114305
12094 114301 114405
12095 114401 114505
12096 114501 114605
12097 114601 114705
12098 114701 114805
12099 114801 114905
12100 114901 115005
12101 115001 115105
12102 115101 115205
12103 115201 115305
12104 115301 115405
12105 115401 115505
12106 115501 115605
12107 115601 115705
12108 115701 115805
12109 115801 115905
12110 115901 116005
12111 116001 116105
12112 116101 116205
12113 116201 116305
12114 116301 116405
12115 116401 116505
12116 116501 116605
12117 116601 116705
12118 116701 116805
12119 116801 116905
12120 116901 117005
12121 117001 117105
12122 117101 117205
12123 117201 117305
12124 117301 117405
12125 117401 117505
12126 117501 117605
12127 122101 122205
12128 122201 122305
12129 122301 122405
12130 122401 122505
12131 122501 122605
12132 122601 122705
12133 122701 122805
12134 122801 122905
12135 122901 123005
12136 123001 123105
12137 123101 123205
12138 123201 123305
12139 123301 123405
12140 123401 123505
12141 123501 123605
12142 123601 123705
12143 123701 123805
12144 123801 123905
12145 123901 124005
12146 124001 124105
12147 124101 124205
12148 124201 124305
12149 124301 124405
12150 124401 124505
12151 124501 124605
12152 124601 124705
12153 124701 124805
12154 124801 124905
12155 124901 125005
12156 125001 125105
12157 125101 125205
12158 125201 125305
12159 125301 125405
12160 125401 125505
12161 125501 125605
12162 125601 125705
12163 125701 125805
12164 125801 125905
12165 125901 126005
12166 126001 126105
12167 126101 126205
12168 126201 126305
12169 126301 126405
12170 126501 126605
12171 126601 126705
12172 126701 126805
12173 126801 126905
12174 126901 127005
12175 127001 127105
12176 127101 127205
12177 127201 127305
12178 127301 127405
12179 127401 127505
12180 127501 127605
12181 127601 127705
12182 127701 127805
12183 127801 127905
12184 127901 128005
12185 128001 128105
12186 128101 128205
12187 128201 128305
12188 128301 128405
12189 128401 128505
12190 128501 128605
12191 128601 128705
12192 128701 128805
12193 128801 128905
12194 128901 129005
12195 129001 129105
12196 129101 129205
12197 129201 129305
12198 129301 129405
12199 129401 129505
12200 129501 129605
12201 129601 129705
12202 129701 129805
12203 129801 129905
12204 129901 130005
12205 130001 130105
12206 130101 130205
12207 130201 130305
12208 130301 130405
12209 130401 130505
12210 130501 130605
12211 130601 130705
12212 130701 130805
12213 135301 135405
12214 135401 135505
12215 135501 135605
12216 135601 135705
12217 135701 135805
12218 135801 135905
12219 135901 136005
12220 136001 136105
12221 136101 136205
12222 136201 136305
12223 136301 136405
12224 136401 136505
12225 136501 136605
12226 136601 136705
12227 136701 136805
12228 136801 136905
12229 136901 137005
12230 137001 137105
12231 137101 137205
12232 137201 137305
12233 137301 137405
12234 137401 137505
12235 137501 137605
12236 137601 137705
12237 137701 137805
12238 137801 137905
12239 137901 138005
12240 138001 138105
12241 138101 138205
12242 138201 138305
12243 138301 138405
12244 138401 138505
12245 138501 138605
12246 138601 138705
12247 138701 138805
12248 138801 138905
12249 138901 139005
12250 139001 139105
12251 139101 139205
12252 139201 139305
12253 139301 139405
12254 139401 139505
12255 139501 139605
12256 139701 139805
12257 139801 139905
12258 139901 140005
12259 140001 140105
12260 140101 140205
12261 140201 140305
12262 140301 140405
12263 140401 140505
12264 140501 140605
12265 140601 140705
12266 140701 140805
12267 140801 140905
12268 140901 141005
12269 141001 141105
12270 141101 141205
12271 141201 141305
12272 141301 141405
12273 141401 141505
12274 141501 141605
12275 141601 141705
12276 141701 141805
12277 141801 141905
12278 141901 142005
12279 142001 142105
12280 142101 142205
12281 142201 142305
12282 142301 142405
12283 142401 142505
12284 142501 142605
12285 142601 142705
12286 142701 142805
12287 142801 142905
12288 142901 143005
12289 143001 143105
12290 143101 143205
12291 143201 143305
12292 143301 143405
12293 143401 143505
12294 143501 143605
12295 143601 143705
12296 143701 143805
12297 143801 143905
12298 143901 144005
12299 144101 144205
12300 144201 144305
12301 144301 144405
12302 144401 144505
12303 144501 144605
12304 144601 144705
12305 144701 144805
12306 144801 144905
12307 144901 145005
12308 145001 145105
12309 145101 145205
12310 145201 145305
12311 145301 145405
12312 145401 145505
12313 145501 145605
12314 145601 145705
12315 145701 145805
12316 145801 145905
12317 145901 146005
12318 146001 146105
12319 146101 146205
12320 146201 146305
12321 146301 146405
12322 146401 146505
12323 146501 146605
12324 146601 146705
12325 146701 146805
12326 146801 146905
12327 146901 147005
12328 147001 147105
12329 147101 147205
12330 147201 147305
12331 147301 147405
12332 147401 147505
12333 147501 147605
12334 147601 147705
12335 147701 147805
12336 147801 147905
12337 147901 148005
12338 148001 148105
12339 148101 148205
12340 148201 148305
12341 148301 148405
12342 148501 148605
12343 148601 148705
12344 148701 148805
12345 148801 148905
12346 148901 149005
12347 149001 149105
12348 149101 149205
12349 149201 149305
12350 149301 149405
12351 149401 149505
12352 149501 149605
12353 149601 149705
12354 149701 149805
12355 149801 149905
12356 149901 150005
12357 150001 150105
12358 150101 150205
12359 150201 150305
12360 150301 150405
12361 150401 150505
12362 150501 150605
12363 150601 150705
12364 150701 150805
12365 150801 150905
12366 150901 151005
12367 151001 151105
12368 151101 151205
12369 151201 151305
12370 151301 151405
12371 151401 151505
12372 151501 151605
12373 151601 151705
12374 151701 151805
12375 151801 151905
12376 151901 152005
12377 152001 152105
12378 152101 152205
12379 152201 152305
12380 152301 152405
12381 152401 152505
12382 152501 152605
12383 152601 152705
12384 152701 152805
12385 157301 157405
12386 158401 158505
12387 159501 159605
31001 300302 301
31002 301 327006
31003 306602 302
31004 302 333306
31005 312902 303
31006 303 339606
31007 326702 304
31008 304 340206
31009 333002 305
31010 305 346506
31011 339302 306
31012 306 352806
31013 339902 307
31014 307 366606
31015 346202 308
31016 308 372906
31017 352502 309
31018 309 379206
31019 366302 310
31020 310 379806
31021 372602 311
31022 311 386106
31023 378902 312
31024 312 392406
31025 379502 313
31026 313 406206
31027 385802 314
31028 314 412506
31029 392102 315
31030 315 418806
31031 405902 316
31032 316 419406
31033 412202 317
31034 317 425706
31035 418502 318
31036 318 432006
31037 419102 319
31038 319 432606
31039 425402 320
31040 320 438906
31041 431702 321
31042 321 445206
31043 432302 322
31044 322 445806
31045 438602 323
31046 323 452106
31047 444902 324
31048 324 458406
31049 445502 325
31050 325 472206
31051 451802 326
31052 326 475506
31053 458102 327
31054 327 478806
