1046 613.8571925094292 1e-9 1e-9
1047 1099.9749460188582 1e-9 1e-9
1048 1099.9749460188582 1e-9 1e-9
1049 1099.9749460188582 1e-9 1e-9
1050 1099.9749460188582 1e-9 1e-9
1051 1099.9749460188582 1e-9 1e-9
1052 1099.9749460188582 1e-9 1e-9
1053 1099.9749460188582 1e-9 1e-9
1054 1099.9749460188582 1e-9 1e-9
1055 1099.9749460188582 1e-9 1e-9
1056 1099.9749460188582 1e-9 1e-9
1057 1099.9749460188582 1e-9 1e-9
1058 1099.9749460188582 1e-9 1e-9
1059 1099.9749460188582 1e-9 1e-9
1060 1099.9749460188582 1e-9 1e-9
1061 1099.9749460188582 1e-9 1e-9
1062 1099.9749460188582 1e-9 1e-9
1063 1099.9749460188582 1e-9 1e-9
1064 1099.9749460188582 1e-9 1e-9
1065 1099.9749460188582 1e-9 1e-9
1066 613.8571925094292 1e-9 1e-9
1067 613.8571925094292 1e-9 1e-9
1068 1099.9749460188582 1e-9 1e-9
1069 1099.9749460188582 1e-9 1e-9
1070 1099.9749460188582 1e-9 1e-9
1071 1099.9749460188582 1e-9 1e-9
1072 1099.9749460188582 1e-9 1e-9
1073 1099.9749460188582 1e-9 1e-9
1074 1099.9749460188582 1e-9 1e-9
1075 1099.9749460188582 1e-9 1e-9
1076 1099.9749460188582 1e-9 1e-9
1077 1099.9749460188582 1e-9 1e-9
1078 1099.9749460188582 1e-9 1e-9
1079 1099.9749460188582 1e-9 1e-9
1080 1099.9749460188582 1e-9 1e-9
1081 1099.9749460188582 1e-9 1e-9
1082 1099.9749460188582 1e-9 1e-9
1083 1099.9749460188582 1e-9 1e-9
1084 1099.9749460188582 1e-9 1e-9
1085 1099.9749460188582 1e-9 1e-9
1086 1099.9749460188582 1e-9 1e-9
1087 613.8571925094292 1e-9 1e-9
1089 83.78583674999999 1e-9 1e-9
1090 613.8571925094292 1e-9 1e-9
1091 1099.9749460188582 1e-9 1e-9
1092 1099.9749460188582 1e-9 1e-9
1093 1099.9749460188582 1e-9 1e-9
1094 1099.9749460188582 1e-9 1e-9
1095 1099.9749460188582 1e-9 1e-9
1096 1099.9749460188582 1e-9 1e-9
1097 1099.9749460188582 1e-9 1e-9
1098 1099.9749460188582 1e-9 1e-9
1099 1099.9749460188582 1e-9 1e-9
1100 1099.9749460188582 1e-9 1e-9
1101 1099.9749460188582 1e-9 1e-9
1102 1099.9749460188582 1e-9 1e-9
1103 1099.9749460188582 1e-9 1e-9
1104 1099.9749460188582 1e-9 1e-9
1105 1099.9749460188582 1e-9 1e-9
1106 1099.9749460188582 1e-9 1e-9
1107 1099.9749460188582 1e-9 1e-9
1108 1099.9749460188582 1e-9 1e-9
1109 1099.9749460188582 1e-9 1e-9
1110 613.8571925094292 1e-9 1e-9
1111 613.8571925094292 1e-9 1e-9
1112 1099.9749460188582 1e-9 1e-9
1113 1099.9749460188582 1e-9 1e-9
1114 1099.9749460188582 1e-9 1e-9
1115 1099.9749460188582 1e-9 1e-9
1116 1099.9749460188582 1e-9 1e-9
1117 1099.9749460188582 1e-9 1e-9
1118 1099.9749460188582 1e-9 1e-9
1119 1099.9749460188582 1e-9 1e-9
1120 1099.9749460188582 1e-9 1e-9
1121 1099.9749460188582 1e-9 1e-9
1122 1099.9749460188582 1e-9 1e-9
1123 1099.9749460188582 1e-9 1e-9
1124 1099.9749460188582 1e-9 1e-9
1125 1099.9749460188582 1e-9 1e-9
1126 1099.9749460188582 1e-9 1e-9
1127 1099.9749460188582 1e-9 1e-9
1128 1099.9749460188582 1e-9 1e-9
1129 1099.9749460188582 1e-9 1e-9
1130 1099.9749460188582 1e-9 1e-9
1131 613.8571925094292 1e-9 1e-9
1132 83.78583674999999 1e-9 1e-9
1133 83.78583674999999 1e-9 1e-9
1134 472.3383526075433 1e-9 1e-9
1135 887.9464037150866 1e-9 1e-9
1136 887.9464037150866 1e-9 1e-9
1137 887.9464037150866 1e-9 1e-9
1138 887.9464037150866 1e-9 1e-9
1139 887.9464037150866 1e-9 1e-9
1140 887.9464037150866 1e-9 1e-9
1141 887.9464037150866 1e-9 1e-9
1142 887.9464037150866 1e-9 1e-9
1143 887.9464037150866 1e-9 1e-9
1144 887.9464037150866 1e-9 1e-9
1145 887.9464037150866 1e-9 1e-9
1146 887.9464037150866 1e-9 1e-9
1147 887.9464037150866 1e-9 1e-9
1148 887.9464037150866 1e-9 1e-9
1149 887.9464037150866 1e-9 1e-9
1150 887.9464037150866 1e-9 1e-9
1151 887.9464037150866 1e-9 1e-9
1152 887.9464037150866 1e-9 1e-9
1153 887.9464037150866 1e-9 1e-9
1154 472.3383526075433 1e-9 1e-9
1155 472.3383526075433 1e-9 1e-9
1156 887.9464037150866 1e-9 1e-9
1157 887.9464037150866 1e-9 1e-9
1158 887.9464037150866 1e-9 1e-9
1159 887.9464037150866 1e-9 1e-9
1160 887.9464037150866 1e-9 1e-9
1161 887.9464037150866 1e-9 1e-9
1162 887.9464037150866 1e-9 1e-9
1163 887.9464037150866 1e-9 1e-9
1164 887.9464037150866 1e-9 1e-9
1165 887.9464037150866 1e-9 1e-9
1166 887.9464037150866 1e-9 1e-9
1167 887.9464037150866 1e-9 1e-9
1168 887.9464037150866 1e-9 1e-9
1169 887.9464037150866 1e-9 1e-9
1170 887.9464037150866 1e-9 1e-9
1171 887.9464037150866 1e-9 1e-9
1172 887.9464037150866 1e-9 1e-9
1173 887.9464037150866 1e-9 1e-9
1174 887.9464037150866 1e-9 1e-9
1175 472.3383526075433 1e-9 1e-9
1176 83.78583674999999 1e-9 1e-9
1221 48.281268 1e-9 1e-9
1222 472.3383526075433 1e-9 1e-9
1223 887.9464037150866 1e-9 1e-9
1224 887.9464037150866 1e-9 1e-9
1225 887.9464037150866 1e-9 1e-9
1226 887.9464037150866 1e-9 1e-9
1227 887.9464037150866 1e-9 1e-9
1228 887.9464037150866 1e-9 1e-9
1229 887.9464037150866 1e-9 1e-9
1230 887.9464037150866 1e-9 1e-9
1231 887.9464037150866 1e-9 1e-9
1232 887.9464037150866 1e-9 1e-9
1233 887.9464037150866 1e-9 1e-9
1234 887.9464037150866 1e-9 1e-9
1235 887.9464037150866 1e-9 1e-9
1236 887.9464037150866 1e-9 1e-9
1237 887.9464037150866 1e-9 1e-9
1238 887.9464037150866 1e-9 1e-9
1239 887.9464037150866 1e-9 1e-9
1240 887.9464037150866 1e-9 1e-9
1241 887.9464037150866 1e-9 1e-9
1242 472.3383526075433 1e-9 1e-9
1243 472.3383526075433 1e-9 1e-9
1244 887.9464037150866 1e-9 1e-9
1245 887.9464037150866 1e-9 1e-9
1246 887.9464037150866 1e-9 1e-9
1247 887.9464037150866 1e-9 1e-9
1248 887.9464037150866 1e-9 1e-9
1249 887.9464037150866 1e-9 1e-9
1250 887.9464037150866 1e-9 1e-9
1251 887.9464037150866 1e-9 1e-9
1252 887.9464037150866 1e-9 1e-9
1253 887.9464037150866 1e-9 1e-9
1254 887.9464037150866 1e-9 1e-9
1255 887.9464037150866 1e-9 1e-9
1256 887.9464037150866 1e-9 1e-9
1257 887.9464037150866 1e-9 1e-9
1258 887.9464037150866 1e-9 1e-9
1259 887.9464037150866 1e-9 1e-9
1260 887.9464037150866 1e-9 1e-9
1261 887.9464037150866 1e-9 1e-9
1262 887.9464037150866 1e-9 1e-9
1263 472.3383526075433 1e-9 1e-9
1264 48.281268 1e-9 1e-9
1265 48.281268 1e-9 1e-9
1266 472.3383526075433 1e-9 1e-9
1267 887.9464037150866 1e-9 1e-9
1268 887.9464037150866 1e-9 1e-9
1269 887.9464037150866 1e-9 1e-9
1270 887.9464037150866 1e-9 1e-9
1271 887.9464037150866 1e-9 1e-9
1272 887.9464037150866 1e-9 1e-9
1273 887.9464037150866 1e-9 1e-9
1274 887.9464037150866 1e-9 1e-9
1275 887.9464037150866 1e-9 1e-9
1276 887.9464037150866 1e-9 1e-9
1277 887.9464037150866 1e-9 1e-9
1278 887.9464037150866 1e-9 1e-9
1279 887.9464037150866 1e-9 1e-9
1280 887.9464037150866 1e-9 1e-9
1281 887.9464037150866 1e-9 1e-9
1282 887.9464037150866 1e-9 1e-9
1283 887.9464037150866 1e-9 1e-9
1284 887.9464037150866 1e-9 1e-9
1285 887.9464037150866 1e-9 1e-9
1286 472.3383526075433 1e-9 1e-9
1287 472.3383526075433 1e-9 1e-9
1288 887.9464037150866 1e-9 1e-9
1289 887.9464037150866 1e-9 1e-9
1290 887.9464037150866 1e-9 1e-9
1291 887.9464037150866 1e-9 1e-9
1292 887.9464037150866 1e-9 1e-9
1293 887.9464037150866 1e-9 1e-9
1294 887.9464037150866 1e-9 1e-9
1295 887.9464037150866 1e-9 1e-9
1296 887.9464037150866 1e-9 1e-9
1297 887.9464037150866 1e-9 1e-9
1298 887.9464037150866 1e-9 1e-9
1299 887.9464037150866 1e-9 1e-9
1300 887.9464037150866 1e-9 1e-9
1301 887.9464037150866 1e-9 1e-9
1302 887.9464037150866 1e-9 1e-9
1303 887.9464037150866 1e-9 1e-9
1304 887.9464037150866 1e-9 1e-9
1305 887.9464037150866 1e-9 1e-9
1306 887.9464037150866 1e-9 1e-9
1307 472.3383526075433 1e-9 1e-9
1308 48.281268 1e-9 1e-9
1353 34.8872055 1e-9 1e-9
1354 352.9300189556575 1e-9 1e-9
1355 667.057173911315 1e-9 1e-9
1356 667.057173911315 1e-9 1e-9
1357 667.057173911315 1e-9 1e-9
1358 667.057173911315 1e-9 1e-9
1359 667.057173911315 1e-9 1e-9
1360 667.057173911315 1e-9 1e-9
1361 667.057173911315 1e-9 1e-9
1362 667.057173911315 1e-9 1e-9
1363 667.057173911315 1e-9 1e-9
1364 667.057173911315 1e-9 1e-9
1365 667.057173911315 1e-9 1e-9
1366 667.057173911315 1e-9 1e-9
1367 667.057173911315 1e-9 1e-9
1368 667.057173911315 1e-9 1e-9
1369 667.057173911315 1e-9 1e-9
1370 667.057173911315 1e-9 1e-9
1371 667.057173911315 1e-9 1e-9
1372 667.057173911315 1e-9 1e-9
1373 667.057173911315 1e-9 1e-9
1374 352.9300189556575 1e-9 1e-9
1375 352.9300189556575 1e-9 1e-9
1376 667.057173911315 1e-9 1e-9
1377 667.057173911315 1e-9 1e-9
1378 667.057173911315 1e-9 1e-9
1379 667.057173911315 1e-9 1e-9
1380 667.057173911315 1e-9 1e-9
1381 667.057173911315 1e-9 1e-9
1382 667.057173911315 1e-9 1e-9
1383 667.057173911315 1e-9 1e-9
1384 667.057173911315 1e-9 1e-9
1385 667.057173911315 1e-9 1e-9
1386 667.057173911315 1e-9 1e-9
1387 667.057173911315 1e-9 1e-9
1388 667.057173911315 1e-9 1e-9
1389 667.057173911315 1e-9 1e-9
1390 667.057173911315 1e-9 1e-9
1391 667.057173911315 1e-9 1e-9
1392 667.057173911315 1e-9 1e-9
1393 667.057173911315 1e-9 1e-9
1394 667.057173911315 1e-9 1e-9
1395 352.9300189556575 1e-9 1e-9
1396 34.8872055 1e-9 1e-9
1397 34.8872055 1e-9 1e-9
1398 352.9300189556575 1e-9 1e-9
1399 667.057173911315 1e-9 1e-9
1400 667.057173911315 1e-9 1e-9
1401 667.057173911315 1e-9 1e-9
1402 667.057173911315 1e-9 1e-9
1403 667.057173911315 1e-9 1e-9
1404 667.057173911315 1e-9 1e-9
1405 667.057173911315 1e-9 1e-9
1406 667.057173911315 1e-9 1e-9
1407 667.057173911315 1e-9 1e-9
1408 667.057173911315 1e-9 1e-9
1409 667.057173911315 1e-9 1e-9
1410 667.057173911315 1e-9 1e-9
1411 667.057173911315 1e-9 1e-9
1412 667.057173911315 1e-9 1e-9
1413 667.057173911315 1e-9 1e-9
1414 667.057173911315 1e-9 1e-9
1415 667.057173911315 1e-9 1e-9
1416 667.057173911315 1e-9 1e-9
1417 667.057173911315 1e-9 1e-9
1418 352.9300189556575 1e-9 1e-9
1419 352.9300189556575 1e-9 1e-9
1420 667.057173911315 1e-9 1e-9
1421 667.057173911315 1e-9 1e-9
1422 667.057173911315 1e-9 1e-9
1423 667.057173911315 1e-9 1e-9
1424 667.057173911315 1e-9 1e-9
1425 667.057173911315 1e-9 1e-9
1426 667.057173911315 1e-9 1e-9
1427 667.057173911315 1e-9 1e-9
1428 667.057173911315 1e-9 1e-9
1429 667.057173911315 1e-9 1e-9
1430 667.057173911315 1e-9 1e-9
1431 667.057173911315 1e-9 1e-9
1432 667.057173911315 1e-9 1e-9
1433 667.057173911315 1e-9 1e-9
1434 667.057173911315 1e-9 1e-9
1435 667.057173911315 1e-9 1e-9
1436 667.057173911315 1e-9 1e-9
1437 667.057173911315 1e-9 1e-9
1438 667.057173911315 1e-9 1e-9
1439 352.9300189556575 1e-9 1e-9
1440 34.8872055 1e-9 1e-9
1441 34.8872055 1e-9 1e-9
1442 352.9300189556575 1e-9 1e-9
1443 667.057173911315 1e-9 1e-9
1444 667.057173911315 1e-9 1e-9
1445 667.057173911315 1e-9 1e-9
1446 667.057173911315 1e-9 1e-9
1447 667.057173911315 1e-9 1e-9
1448 667.057173911315 1e-9 1e-9
1449 667.057173911315 1e-9 1e-9
1450 667.057173911315 1e-9 1e-9
1451 667.057173911315 1e-9 1e-9
1452 667.057173911315 1e-9 1e-9
1453 667.057173911315 1e-9 1e-9
1454 667.057173911315 1e-9 1e-9
1455 667.057173911315 1e-9 1e-9
1456 667.057173911315 1e-9 1e-9
1457 667.057173911315 1e-9 1e-9
1458 667.057173911315 1e-9 1e-9
1459 667.057173911315 1e-9 1e-9
1460 667.057173911315 1e-9 1e-9
1461 667.057173911315 1e-9 1e-9
1462 352.9300189556575 1e-9 1e-9
1463 352.9300189556575 1e-9 1e-9
1464 667.057173911315 1e-9 1e-9
1465 667.057173911315 1e-9 1e-9
1466 667.057173911315 1e-9 1e-9
1467 667.057173911315 1e-9 1e-9
1468 667.057173911315 1e-9 1e-9
1469 667.057173911315 1e-9 1e-9
1470 667.057173911315 1e-9 1e-9
1471 667.057173911315 1e-9 1e-9
1472 667.057173911315 1e-9 1e-9
1473 667.057173911315 1e-9 1e-9
1474 667.057173911315 1e-9 1e-9
1475 667.057173911315 1e-9 1e-9
1476 667.057173911315 1e-9 1e-9
1477 667.057173911315 1e-9 1e-9
1478 667.057173911315 1e-9 1e-9
1479 667.057173911315 1e-9 1e-9
1480 667.057173911315 1e-9 1e-9
1481 667.057173911315 1e-9 1e-9
1482 667.057173911315 1e-9 1e-9
1483 352.9300189556575 1e-9 1e-9
1484 34.8872055 1e-9 1e-9
1485 34.8872055 1e-9 1e-9
1486 352.9300189556575 1e-9 1e-9
1487 667.057173911315 1e-9 1e-9
1488 667.057173911315 1e-9 1e-9
1489 667.057173911315 1e-9 1e-9
1490 667.057173911315 1e-9 1e-9
1491 667.057173911315 1e-9 1e-9
1492 667.057173911315 1e-9 1e-9
1493 667.057173911315 1e-9 1e-9
1494 667.057173911315 1e-9 1e-9
1495 667.057173911315 1e-9 1e-9
1496 667.057173911315 1e-9 1e-9
1497 667.057173911315 1e-9 1e-9
1498 667.057173911315 1e-9 1e-9
1499 667.057173911315 1e-9 1e-9
1500 667.057173911315 1e-9 1e-9
1501 667.057173911315 1e-9 1e-9
1502 667.057173911315 1e-9 1e-9
1503 667.057173911315 1e-9 1e-9
1504 667.057173911315 1e-9 1e-9
1505 667.057173911315 1e-9 1e-9
1506 352.9300189556575 1e-9 1e-9
1507 352.9300189556575 1e-9 1e-9
1508 667.057173911315 1e-9 1e-9
1509 667.057173911315 1e-9 1e-9
1510 667.057173911315 1e-9 1e-9
1511 667.057173911315 1e-9 1e-9
1512 667.057173911315 1e-9 1e-9
1513 667.057173911315 1e-9 1e-9
1514 667.057173911315 1e-9 1e-9
1515 667.057173911315 1e-9 1e-9
1516 667.057173911315 1e-9 1e-9
1517 667.057173911315 1e-9 1e-9
1518 667.057173911315 1e-9 1e-9
1519 667.057173911315 1e-9 1e-9
1520 667.057173911315 1e-9 1e-9
1521 667.057173911315 1e-9 1e-9
1522 667.057173911315 1e-9 1e-9
1523 667.057173911315 1e-9 1e-9
1524 667.057173911315 1e-9 1e-9
1525 667.057173911315 1e-9 1e-9
1526 667.057173911315 1e-9 1e-9
1527 352.9300189556575 1e-9 1e-9
1528 34.8872055 1e-9 1e-9
1573 34.8872055 1e-9 1e-9
1574 34.8872055 1e-9 1e-9
1584 34.8872055 1e-9 1e-9
1585 34.8872055 1e-9 1e-9
1595 34.8872055 1e-9 1e-9
1596 34.8872055 1e-9 1e-9
