11001 1001 1003
11002 1003 1005
11003 1005 1007
11004 1007 1009
11005 1009 1011
11006 1011 1013
11007 1013 1015
11008 1015 1017
11009 1017 1019
11010 1002 1004
11011 1004 1006
11012 1006 1008
11013 1008 1010
11014 1010 1012
11015 1012 1014
11016 1014 1016
11017 1016 1018
11018 1018 1020
12001 1001 1004
12002 1002 1003
12003 1003 1006
12004 1004 1005
12005 1005 1008
12006 1006 1007
12007 1007 1010
12008 1008 1009
12009 1009 1012
12010 1010 1011
12011 1011 1014
12012 1012 1013
12013 1013 1016
12014 1014 1015
12015 1015 1018
12016 1016 1017
12017 1017 1020
12018 1018 1019
13001 1003 1004
13002 1005 1006
13003 1007 1008
13004 1009 1010
13005 1011 1012
13006 1013 1014
13007 1015 1016
13008 1017 1018
13009 1019 1020
