111001 11001 11003
111002 11003 11005
111003 11005 11007
111004 11007 11009
111005 11009 11011
111006 11011 11013
111007 11013 11015
111008 11015 11017
111009 11017 11019
111010 11019 11021
111011 11021 11023
111012 11023 11025
111013 11025 11027
111014 11027 11029
111015 11029 11031
111016 11031 11033
111017 11033 11035
111018 11035 11037
111019 11037 11039
111020 11002 11004
111021 11004 11006
111022 11006 11008
111023 11008 11010
111024 11010 11012
111025 11012 11014
111026 11014 11016
111027 11016 11018
111028 11018 11020
111029 11020 11022
111030 11022 11024
111031 11024 11026
111032 11026 11028
111033 11028 11030
111034 11030 11032
111035 11032 11034
111036 11034 11036
111037 11036 11038
111038 11038 11040
112001 11001 11004
112002 11002 11003
112003 11003 11006
112004 11004 11005
112005 11005 11008
112006 11006 11007
112007 11007 11010
112008 11008 11009
112009 11009 11012
112010 11010 11011
112011 11011 11014
112012 11012 11013
112013 11013 11016
112014 11014 11015
112015 11015 11018
112016 11016 11017
112017 11017 11020
112018 11018 11019
112019 11019 11022
112020 11020 11021
112021 11021 11024
112022 11022 11023
112023 11023 11026
112024 11024 11025
112025 11025 11028
112026 11026 11027
112027 11027 11030
112028 11028 11029
112029 11029 11032
112030 11030 11031
112031 11031 11034
112032 11032 11033
112033 11033 11036
112034 11034 11035
112035 11035 11038
112036 11036 11037
112037 11037 11040
112038 11038 11039
113001 11003 11004
113002 11005 11006
113003 11007 11008
113004 11009 11010
113005 11011 11012
113006 11013 11014
113007 11015 11016
113008 11017 11018
113009 11019 11020
113010 11021 11022
113011 11023 11024
113012 11025 11026
113013 11027 11028
113014 11029 11030
113015 11031 11032
113016 11033 11034
113017 11035 11036
113018 11037 11038
113019 11039 11040
21001 2001 2004
21002 2004 2007
21003 2007 2010
21004 2010 2013
21005 2013 2016
21006 2016 2019
21007 2019 2022
21008 2022 2025
21009 2025 2028
21010 2028 2031
21011 2031 2034
21012 2034 2037
21013 2037 2040
21014 2040 2043
21015 2043 2046
21016 2046 2049
21017 2049 2052
21018 2052 2055
21019 2055 2058
21020 2002 2005
21021 2005 2008
21022 2008 2011
21023 2011 2014
21024 2014 2017
21025 2017 2020
21026 2020 2023
21027 2023 2026
21028 2026 2029
21029 2029 2032
21030 2032 2035
21031 2035 2038
21032 2038 2041
21033 2041 2044
21034 2044 2047
21035 2047 2050
21036 2050 2053
21037 2053 2056
21038 2056 2059
21039 2003 2006
21040 2006 2009
21041 2009 2012
21042 2012 2015
21043 2015 2018
21044 2018 2021
21045 2021 2024
21046 2024 2027
21047 2027 2030
21048 2030 2033
21049 2033 2036
21050 2036 2039
21051 2039 2042
21052 2042 2045
21053 2045 2048
21054 2048 2051
21055 2051 2054
21056 2054 2057
21057 2057 2060
22001 2001 2005
22002 2002 2004
22003 2004 2008
22004 2008 2010
22005 2010 2014
22006 2014 2016
22007 2016 2020
22008 2020 2022
22009 2022 2026
22010 2026 2028
22011 2028 2032
22012 2032 2034
22013 2034 2038
22014 2038 2040
22015 2040 2044
22016 2044 2046
22017 2046 2050
22018 2050 2052
22019 2052 2056
22020 2056 2058
22021 2002 2006
22022 2003 2005
22023 2006 2008
22024 2008 2012
22025 2012 2014
22026 2014 2018
22027 2018 2020
22028 2020 2024
22029 2024 2026
22030 2026 2030
22031 2030 2032
22032 2032 2036
22033 2036 2038
22034 2038 2042
22035 2042 2044
22036 2044 2048
22037 2048 2050
22038 2050 2054
22039 2054 2056
22040 2056 2060
23001 2004 2005
23002 2007 2008
23003 2010 2011
23004 2013 2014
23005 2016 2017
23006 2019 2020
23007 2022 2023
23008 2025 2026
23009 2028 2029
23010 2031 2032
23011 2034 2035
23012 2037 2038
23013 2040 2041
23014 2043 2044
23015 2046 2047
23016 2049 2050
23017 2052 2053
23018 2055 2056
23019 2058 2059
23020 2005 2006
23021 2008 2009
23022 2011 2012
23023 2014 2015
23024 2017 2018
23025 2020 2021
23026 2023 2024
23027 2026 2027
23028 2029 2030
23029 2032 2033
23030 2035 2036
23031 2038 2039
23032 2041 2042
23033 2044 2045
23034 2047 2048
23035 2050 2051
23036 2053 2054
23037 2056 2057
23038 2059 2060
31001 3001 3004
31002 3004 3007
31003 3007 3010
31004 3010 3013
31005 3013 3016
31006 3016 3019
31007 3019 3022
31008 3022 3025
31009 3025 3028
31010 3028 3031
31011 3031 3034
31012 3034 3037
31013 3037 3040
31014 3040 3043
31015 3043 3046
31016 3046 3049
31017 3049 3052
31018 3052 3055
31019 3055 3058
31020 3002 3005
31021 3005 3008
31022 3008 3011
31023 3011 3014
31024 3014 3017
31025 3017 3020
31026 3020 3023
31027 3023 3026
31028 3026 3029
31029 3029 3032
31030 3032 3035
31031 3035 3038
31032 3038 3041
31033 3041 3044
31034 3044 3047
31035 3047 3050
31036 3050 3053
31037 3053 3056
31038 3056 3059
31039 3003 3006
31040 3006 3009
31041 3009 3012
31042 3012 3015
31043 3015 3018
31044 3018 3021
31045 3021 3024
31046 3024 3027
31047 3027 3030
31048 3030 3033
31049 3033 3036
31050 3036 3039
31051 3039 3042
31052 3042 3045
31053 3045 3048
31054 3048 3051
31055 3051 3054
31056 3054 3057
31057 3057 3060
32001 3001 3005
32002 3002 3004
32003 3004 3008
32004 3008 3010
32005 3010 3014
32006 3014 3016
32007 3016 3020
32008 3020 3022
32009 3022 3026
32010 3026 3028
32011 3028 3032
32012 3032 3034
32013 3034 3038
32014 3038 3040
32015 3040 3044
32016 3044 3046
32017 3046 3050
32018 3050 3052
32019 3052 3056
32020 3056 3058
32021 3002 3006
32022 3003 3005
32023 3006 3008
32024 3008 3012
32025 3012 3014
32026 3014 3018
32027 3018 3020
32028 3020 3024
32029 3024 3026
32030 3026 3030
32031 3030 3032
32032 3032 3036
32033 3036 3038
32034 3038 3042
32035 3042 3044
32036 3044 3048
32037 3048 3050
32038 3050 3054
32039 3054 3056
32040 3056 3060
33001 3004 3005
33002 3007 3008
33003 3010 3011
33004 3013 3014
33005 3016 3017
33006 3019 3020
33007 3022 3023
33008 3025 3026
33009 3028 3029
33010 3031 3032
33011 3034 3035
33012 3037 3038
33013 3040 3041
33014 3043 3044
33015 3046 3047
33016 3049 3050
33017 3052 3053
33018 3055 3056
33019 3058 3059
33020 3005 3006
33021 3008 3009
33022 3011 3012
33023 3014 3015
33024 3017 3018
33025 3020 3021
33026 3023 3024
33027 3026 3027
33028 3029 3030
33029 3032 3033
33030 3035 3036
33031 3038 3039
33032 3041 3042
33033 3044 3045
33034 3047 3048
33035 3050 3051
33036 3053 3054
33037 3056 3057
33038 3059 3060
41001 4001 4004
41002 4004 4007
41003 4007 4010
41004 4010 4013
41005 4013 4016
41006 4016 4019
41007 4019 4022
41008 4022 4025
41009 4025 4028
41010 4028 4031
41011 4031 4034
41012 4034 4037
41013 4037 4040
41014 4040 4043
41015 4043 4046
41016 4046 4049
41017 4049 4052
41018 4052 4055
41019 4055 4058
41020 4002 4005
41021 4005 4008
41022 4008 4011
41023 4011 4014
41024 4014 4017
41025 4017 4020
41026 4020 4023
41027 4023 4026
41028 4026 4029
41029 4029 4032
41030 4032 4035
41031 4035 4038
41032 4038 4041
41033 4041 4044
41034 4044 4047
41035 4047 4050
41036 4050 4053
41037 4053 4056
41038 4056 4059
41039 4003 4006
41040 4006 4009
41041 4009 4012
41042 4012 4015
41043 4015 4018
41044 4018 4021
41045 4021 4024
41046 4024 4027
41047 4027 4030
41048 4030 4033
41049 4033 4036
41050 4036 4039
41051 4039 4042
41052 4042 4045
41053 4045 4048
41054 4048 4051
41055 4051 4054
41056 4054 4057
41057 4057 4060
42001 4001 4005
42002 4002 4004
42003 4004 4008
42004 4008 4010
42005 4010 4014
42006 4014 4016
42007 4016 4020
42008 4020 4022
42009 4022 4026
42010 4026 4028
42011 4028 4032
42012 4032 4034
42013 4034 4038
42014 4038 4040
42015 4040 4044
42016 4044 4046
42017 4046 4050
42018 4050 4052
42019 4052 4056
42020 4056 4058
42021 4002 4006
42022 4003 4005
42023 4006 4008
42024 4008 4012
42025 4012 4014
42026 4014 4018
42027 4018 4020
42028 4020 4024
42029 4024 4026
42030 4026 4030
42031 4030 4032
42032 4032 4036
42033 4036 4038
42034 4038 4042
42035 4042 4044
42036 4044 4048
42037 4048 4050
42038 4050 4054
42039 4054 4056
42040 4056 4060
43001 4004 4005
43002 4007 4008
43003 4010 4011
43004 4013 4014
43005 4016 4017
43006 4019 4020
43007 4022 4023
43008 4025 4026
43009 4028 4029
43010 4031 4032
43011 4034 4035
43012 4037 4038
43013 4040 4041
43014 4043 4044
43015 4046 4047
43016 4049 4050
43017 4052 4053
43018 4055 4056
43019 4058 4059
43020 4005 4006
43021 4008 4009
43022 4011 4012
43023 4014 4015
43024 4017 4018
43025 4020 4021
43026 4023 4024
43027 4026 4027
43028 4029 4030
43029 4032 4033
43030 4035 4036
43031 4038 4039
43032 4041 4042
43033 4044 4045
43034 4047 4048
43035 4050 4051
43036 4053 4054
43037 4056 4057
43038 4059 4060
51001 5001 5004
51002 5004 5007
51003 5007 5010
51004 5010 5013
51005 5013 5016
51006 5016 5019
51007 5019 5022
51008 5022 5025
51009 5025 5028
51010 5028 5031
51011 5031 5034
51012 5034 5037
51013 5037 5040
51014 5040 5043
51015 5043 5046
51016 5046 5049
51017 5049 5052
51018 5052 5055
51019 5055 5058
51020 5002 5005
51021 5005 5008
51022 5008 5011
51023 5011 5014
51024 5014 5017
51025 5017 5020
51026 5020 5023
51027 5023 5026
51028 5026 5029
51029 5029 5032
51030 5032 5035
51031 5035 5038
51032 5038 5041
51033 5041 5044
51034 5044 5047
51035 5047 5050
51036 5050 5053
51037 5053 5056
51038 5056 5059
51039 5003 5006
51040 5006 5009
51041 5009 5012
51042 5012 5015
51043 5015 5018
51044 5018 5021
51045 5021 5024
51046 5024 5027
51047 5027 5030
51048 5030 5033
51049 5033 5036
51050 5036 5039
51051 5039 5042
51052 5042 5045
51053 5045 5048
51054 5048 5051
51055 5051 5054
51056 5054 5057
51057 5057 5060
52001 5001 5005
52002 5002 5004
52003 5004 5008
52004 5008 5010
52005 5010 5014
52006 5014 5016
52007 5016 5020
52008 5020 5022
52009 5022 5026
52010 5026 5028
52011 5028 5032
52012 5032 5034
52013 5034 5038
52014 5038 5040
52015 5040 5044
52016 5044 5046
52017 5046 5050
52018 5050 5052
52019 5052 5056
52020 5056 5058
52021 5002 5006
52022 5003 5005
52023 5006 5008
52024 5008 5012
52025 5012 5014
52026 5014 5018
52027 5018 5020
52028 5020 5024
52029 5024 5026
52030 5026 5030
52031 5030 5032
52032 5032 5036
52033 5036 5038
52034 5038 5042
52035 5042 5044
52036 5044 5048
52037 5048 5050
52038 5050 5054
52039 5054 5056
52040 5056 5060
53001 5004 5005
53002 5007 5008
53003 5010 5011
53004 5013 5014
53005 5016 5017
53006 5019 5020
53007 5022 5023
53008 5025 5026
53009 5028 5029
53010 5031 5032
53011 5034 5035
53012 5037 5038
53013 5040 5041
53014 5043 5044
53015 5046 5047
53016 5049 5050
53017 5052 5053
53018 5055 5056
53019 5058 5059
53020 5005 5006
53021 5008 5009
53022 5011 5012
53023 5014 5015
53024 5017 5018
53025 5020 5021
53026 5023 5024
53027 5026 5027
53028 5029 5030
53029 5032 5033
53030 5035 5036
53031 5038 5039
53032 5041 5042
53033 5044 5045
53034 5047 5048
53035 5050 5051
53036 5053 5054
53037 5056 5057
53038 5059 5060
61001 6001 6003
61002 6003 6005
61003 6005 6007
61004 6007 6009
61005 6009 6011
61006 6011 6013
61007 6013 6015
61008 6015 6017
61009 6017 6019
61010 6019 6021
61011 6021 6023
61012 6023 6025
61013 6025 6027
61014 6027 6029
61015 6029 6031
61016 6031 6033
61017 6033 6035
61018 6035 6037
61019 6037 6039
61020 6002 6004
61021 6004 6006
61022 6006 6008
61023 6008 6010
61024 6010 6012
61025 6012 6014
61026 6014 6016
61027 6016 6018
61028 6018 6020
61029 6020 6022
61030 6022 6024
61031 6024 6026
61032 6026 6028
61033 6028 6030
61034 6030 6032
61035 6032 6034
61036 6034 6036
61037 6036 6038
61038 6038 6040
62001 6001 6004
62002 6002 6003
62003 6003 6006
62004 6004 6005
62005 6005 6008
62006 6006 6007
62007 6007 6010
62008 6008 6009
62009 6009 6012
62010 6010 6011
62011 6011 6014
62012 6012 6013
62013 6013 6016
62014 6014 6015
62015 6015 6018
62016 6016 6017
62017 6017 6020
62018 6018 6019
62019 6019 6022
62020 6020 6021
62021 6021 6024
62022 6022 6023
62023 6023 6026
62024 6024 6025
62025 6025 6028
62026 6026 6027
62027 6027 6030
62028 6028 6029
62029 6029 6032
62030 6030 6031
62031 6031 6034
62032 6032 6033
62033 6033 6036
62034 6034 6035
62035 6035 6038
62036 6036 6037
62037 6037 6040
62038 6038 6039
63001 6003 6004
63002 6005 6006
63003 6007 6008
63004 6009 6010
63005 6011 6012
63006 6013 6014
63007 6015 6016
63008 6017 6018
63009 6019 6020
63010 6021 6022
63011 6023 6024
63012 6025 6026
63013 6027 6028
63014 6029 6030
63015 6031 6032
63016 6033 6034
63017 6035 6036
63018 6037 6038
63019 6039 6040
71001 7001 7003
71002 7002 7004
71003 7003 7005
71004 7004 7006
71005 7005 7007
71006 7006 7008
71007 7007 7009
71008 7008 7010
71009 7009 7011
71010 7010 7012
71011 7011 7013
71012 7012 7014
71013 7013 7015
71014 7014 7016
71015 7015 7017
71016 7016 7018
71017 7017 7019
71018 7018 7020
71019 7019 7021
71020 7020 7022
71021 7021 7023
71022 7022 7024
71023 7023 7025
71024 7024 7026
71025 7025 7027
71026 7026 7028
71027 7027 7029
71028 7028 7030
71029 7029 7031
71030 7030 7032
71031 7031 7033
71032 7032 7034
71033 7033 7035
71034 7034 7036
71035 7035 7037
71036 7036 7038
71037 7037 7039
71038 7038 7040
71039 7039 7041
71040 7040 7042
72001 7001 7002
72002 7003 7004
72003 7005 7006
72004 7007 7008
72005 7009 7010
72006 7011 7012
72007 7013 7014
72008 7015 7016
72009 7017 7018
72010 7019 7020
72011 7021 7022
72012 7023 7024
72013 7025 7026
72014 7027 7028
72015 7029 7030
72016 7031 7032
72017 7033 7034
72018 7035 7036
72019 7037 7038
72020 7039 7040
72021 7041 7042
73001 7002 7003
73002 7004 7005
73003 7006 7007
73004 7008 7009
73005 7010 7011
73006 7012 7013
73007 7014 7015
73008 7016 7017
73009 7018 7019
73010 7020 7021
73011 7021 7024
73012 7023 7026
73013 7025 7028
73014 7027 7030
73015 7029 7032
73016 7031 7034
73017 7033 7036
73018 7035 7038
73019 7037 7040
73020 7039 7042
