1003 203.87 1e-9 1e-9
1004 203.87 1e-9 1e-9
1005 203.87 1e-9 1e-9
1006 203.87 1e-9 1e-9
1007 203.87 1e-9 1e-9
1008 203.87 1e-9 1e-9
1009 203.87 1e-9 1e-9
1010 203.87 1e-9 1e-9
1011 203.87 1e-9 1e-9
1012 203.87 1e-9 1e-9
1013 203.87 1e-9 1e-9
1014 203.87 1e-9 1e-9
1015 203.87 1e-9 1e-9
1016 203.87 1e-9 1e-9
1017 203.87 1e-9 1e-9
1018 203.87 1e-9 1e-9
1019 203.87 1e-9 1e-9
1020 203.87 1e-9 1e-9
1021 203.87 1e-9 1e-9
1022 203.87 1e-9 1e-9
1023 203.87 1e-9 1e-9
1024 203.87 1e-9 1e-9
1025 203.87 1e-9 1e-9
1026 203.87 1e-9 1e-9
1027 203.87 1e-9 1e-9
1028 203.87 1e-9 1e-9
1029 203.87 1e-9 1e-9
1030 203.87 1e-9 1e-9
1031 203.87 1e-9 1e-9
1032 203.87 1e-9 1e-9
1033 203.87 1e-9 1e-9
1034 203.87 1e-9 1e-9
1035 203.87 1e-9 1e-9
1036 203.87 1e-9 1e-9
1037 203.87 1e-9 1e-9
1038 203.87 1e-9 1e-9
1039 203.87 1e-9 1e-9
1040 203.87 1e-9 1e-9
1041 203.87 1e-9 1e-9
1042 203.87 1e-9 1e-9
2004 203.87 1e-9 1e-9
2005 203.87 1e-9 1e-9
2006 203.87 1e-9 1e-9
2007 203.87 1e-9 1e-9
2008 203.87 1e-9 1e-9
2009 203.87 1e-9 1e-9
2010 203.87 1e-9 1e-9
2011 203.87 1e-9 1e-9
2012 203.87 1e-9 1e-9
2013 203.87 1e-9 1e-9
2014 203.87 1e-9 1e-9
2015 203.87 1e-9 1e-9
2016 203.87 1e-9 1e-9
2017 203.87 1e-9 1e-9
2018 203.87 1e-9 1e-9
2019 203.87 1e-9 1e-9
2020 203.87 1e-9 1e-9
2021 203.87 1e-9 1e-9
2022 203.87 1e-9 1e-9
2023 203.87 1e-9 1e-9
2024 203.87 1e-9 1e-9
2025 203.87 1e-9 1e-9
2026 203.87 1e-9 1e-9
2027 203.87 1e-9 1e-9
2028 203.87 1e-9 1e-9
2029 203.87 1e-9 1e-9
2030 203.87 1e-9 1e-9
2031 203.87 1e-9 1e-9
2032 203.87 1e-9 1e-9
2033 203.87 1e-9 1e-9
2034 203.87 1e-9 1e-9
2035 203.87 1e-9 1e-9
2036 203.87 1e-9 1e-9
2037 203.87 1e-9 1e-9
2038 203.87 1e-9 1e-9
2039 203.87 1e-9 1e-9
2040 203.87 1e-9 1e-9
2041 203.87 1e-9 1e-9
2042 203.87 1e-9 1e-9
2043 203.87 1e-9 1e-9
2044 203.87 1e-9 1e-9
2045 203.87 1e-9 1e-9
2046 203.87 1e-9 1e-9
2047 203.87 1e-9 1e-9
2048 203.87 1e-9 1e-9
2049 203.87 1e-9 1e-9
2050 203.87 1e-9 1e-9
2051 203.87 1e-9 1e-9
2052 203.87 1e-9 1e-9
2053 203.87 1e-9 1e-9
2054 203.87 1e-9 1e-9
2055 203.87 1e-9 1e-9
2056 203.87 1e-9 1e-9
2057 203.87 1e-9 1e-9
2058 203.87 1e-9 1e-9
2059 203.87 1e-9 1e-9
2060 203.87 1e-9 1e-9
2061 203.87 1e-9 1e-9
2062 203.87 1e-9 1e-9
2063 203.87 1e-9 1e-9
3004 203.87 1e-9 1e-9
3005 203.87 1e-9 1e-9
3006 203.87 1e-9 1e-9
3007 203.87 1e-9 1e-9
3008 203.87 1e-9 1e-9
3009 203.87 1e-9 1e-9
3010 203.87 1e-9 1e-9
3011 203.87 1e-9 1e-9
3012 203.87 1e-9 1e-9
3013 203.87 1e-9 1e-9
3014 203.87 1e-9 1e-9
3015 203.87 1e-9 1e-9
3016 203.87 1e-9 1e-9
3017 203.87 1e-9 1e-9
3018 203.87 1e-9 1e-9
3019 203.87 1e-9 1e-9
3020 203.87 1e-9 1e-9
3021 203.87 1e-9 1e-9
3022 203.87 1e-9 1e-9
3023 203.87 1e-9 1e-9
3024 203.87 1e-9 1e-9
3025 203.87 1e-9 1e-9
3026 203.87 1e-9 1e-9
3027 203.87 1e-9 1e-9
3028 203.87 1e-9 1e-9
3029 203.87 1e-9 1e-9
3030 203.87 1e-9 1e-9
3031 203.87 1e-9 1e-9
3032 203.87 1e-9 1e-9
3033 203.87 1e-9 1e-9
3034 203.87 1e-9 1e-9
3035 203.87 1e-9 1e-9
3036 203.87 1e-9 1e-9
3037 203.87 1e-9 1e-9
3038 203.87 1e-9 1e-9
3039 203.87 1e-9 1e-9
3040 203.87 1e-9 1e-9
3041 203.87 1e-9 1e-9
3042 203.87 1e-9 1e-9
3043 203.87 1e-9 1e-9
3044 203.87 1e-9 1e-9
3045 203.87 1e-9 1e-9
3046 203.87 1e-9 1e-9
3047 203.87 1e-9 1e-9
3048 203.87 1e-9 1e-9
3049 203.87 1e-9 1e-9
3050 203.87 1e-9 1e-9
3051 203.87 1e-9 1e-9
3052 203.87 1e-9 1e-9
3053 203.87 1e-9 1e-9
3054 203.87 1e-9 1e-9
3055 203.87 1e-9 1e-9
3056 203.87 1e-9 1e-9
3057 203.87 1e-9 1e-9
3058 203.87 1e-9 1e-9
3059 203.87 1e-9 1e-9
3060 203.87 1e-9 1e-9
3061 203.87 1e-9 1e-9
3062 203.87 1e-9 1e-9
3063 203.87 1e-9 1e-9
4004 203.87 1e-9 1e-9
4005 203.87 1e-9 1e-9
4006 203.87 1e-9 1e-9
4007 203.87 1e-9 1e-9
4008 203.87 1e-9 1e-9
4009 203.87 1e-9 1e-9
4010 203.87 1e-9 1e-9
4011 203.87 1e-9 1e-9
4012 203.87 1e-9 1e-9
4013 203.87 1e-9 1e-9
4014 203.87 1e-9 1e-9
4015 203.87 1e-9 1e-9
4016 203.87 1e-9 1e-9
4017 203.87 1e-9 1e-9
4018 203.87 1e-9 1e-9
4019 203.87 1e-9 1e-9
4020 203.87 1e-9 1e-9
4021 203.87 1e-9 1e-9
4022 203.87 1e-9 1e-9
4023 203.87 1e-9 1e-9
4024 203.87 1e-9 1e-9
4025 203.87 1e-9 1e-9
4026 203.87 1e-9 1e-9
4027 203.87 1e-9 1e-9
4028 203.87 1e-9 1e-9
4029 203.87 1e-9 1e-9
4030 203.87 1e-9 1e-9
4031 203.87 1e-9 1e-9
4032 203.87 1e-9 1e-9
4033 203.87 1e-9 1e-9
4034 203.87 1e-9 1e-9
4035 203.87 1e-9 1e-9
4036 203.87 1e-9 1e-9
4037 203.87 1e-9 1e-9
4038 203.87 1e-9 1e-9
4039 203.87 1e-9 1e-9
4040 203.87 1e-9 1e-9
4041 203.87 1e-9 1e-9
4042 203.87 1e-9 1e-9
4043 203.87 1e-9 1e-9
4044 203.87 1e-9 1e-9
4045 203.87 1e-9 1e-9
4046 203.87 1e-9 1e-9
4047 203.87 1e-9 1e-9
4048 203.87 1e-9 1e-9
4049 203.87 1e-9 1e-9
4050 203.87 1e-9 1e-9
4051 203.87 1e-9 1e-9
4052 203.87 1e-9 1e-9
4053 203.87 1e-9 1e-9
4054 203.87 1e-9 1e-9
4055 203.87 1e-9 1e-9
4056 203.87 1e-9 1e-9
4057 203.87 1e-9 1e-9
4058 203.87 1e-9 1e-9
4059 203.87 1e-9 1e-9
4060 203.87 1e-9 1e-9
4061 203.87 1e-9 1e-9
4062 203.87 1e-9 1e-9
4063 203.87 1e-9 1e-9
5004 203.87 1e-9 1e-9
5005 203.87 1e-9 1e-9
5006 203.87 1e-9 1e-9
5007 203.87 1e-9 1e-9
5008 203.87 1e-9 1e-9
5009 203.87 1e-9 1e-9
5010 203.87 1e-9 1e-9
5011 203.87 1e-9 1e-9
5012 203.87 1e-9 1e-9
5013 203.87 1e-9 1e-9
5014 203.87 1e-9 1e-9
5015 203.87 1e-9 1e-9
5016 203.87 1e-9 1e-9
5017 203.87 1e-9 1e-9
5018 203.87 1e-9 1e-9
5019 203.87 1e-9 1e-9
5020 203.87 1e-9 1e-9
5021 203.87 1e-9 1e-9
5022 203.87 1e-9 1e-9
5023 203.87 1e-9 1e-9
5024 203.87 1e-9 1e-9
5025 203.87 1e-9 1e-9
5026 203.87 1e-9 1e-9
5027 203.87 1e-9 1e-9
5028 203.87 1e-9 1e-9
5029 203.87 1e-9 1e-9
5030 203.87 1e-9 1e-9
5031 203.87 1e-9 1e-9
5032 203.87 1e-9 1e-9
5033 203.87 1e-9 1e-9
5034 203.87 1e-9 1e-9
5035 203.87 1e-9 1e-9
5036 203.87 1e-9 1e-9
5037 203.87 1e-9 1e-9
5038 203.87 1e-9 1e-9
5039 203.87 1e-9 1e-9
5040 203.87 1e-9 1e-9
5041 203.87 1e-9 1e-9
5042 203.87 1e-9 1e-9
5043 203.87 1e-9 1e-9
5044 203.87 1e-9 1e-9
5045 203.87 1e-9 1e-9
5046 203.87 1e-9 1e-9
5047 203.87 1e-9 1e-9
5048 203.87 1e-9 1e-9
5049 203.87 1e-9 1e-9
5050 203.87 1e-9 1e-9
5051 203.87 1e-9 1e-9
5052 203.87 1e-9 1e-9
5053 203.87 1e-9 1e-9
5054 203.87 1e-9 1e-9
5055 203.87 1e-9 1e-9
5056 203.87 1e-9 1e-9
5057 203.87 1e-9 1e-9
5058 203.87 1e-9 1e-9
5059 203.87 1e-9 1e-9
5060 203.87 1e-9 1e-9
5061 203.87 1e-9 1e-9
5062 203.87 1e-9 1e-9
5063 203.87 1e-9 1e-9
6003 203.87 1e-9 1e-9
6004 203.87 1e-9 1e-9
6005 203.87 1e-9 1e-9
6006 203.87 1e-9 1e-9
6007 203.87 1e-9 1e-9
6008 203.87 1e-9 1e-9
6009 203.87 1e-9 1e-9
6010 203.87 1e-9 1e-9
6011 203.87 1e-9 1e-9
6012 203.87 1e-9 1e-9
6013 203.87 1e-9 1e-9
6014 203.87 1e-9 1e-9
6015 203.87 1e-9 1e-9
6016 203.87 1e-9 1e-9
6017 203.87 1e-9 1e-9
6018 203.87 1e-9 1e-9
6019 203.87 1e-9 1e-9
6020 203.87 1e-9 1e-9
6021 203.87 1e-9 1e-9
6022 203.87 1e-9 1e-9
6023 203.87 1e-9 1e-9
6024 203.87 1e-9 1e-9
6025 203.87 1e-9 1e-9
6026 203.87 1e-9 1e-9
6027 203.87 1e-9 1e-9
6028 203.87 1e-9 1e-9
6029 203.87 1e-9 1e-9
6030 203.87 1e-9 1e-9
6031 203.87 1e-9 1e-9
6032 203.87 1e-9 1e-9
6033 203.87 1e-9 1e-9
6034 203.87 1e-9 1e-9
6035 203.87 1e-9 1e-9
6036 203.87 1e-9 1e-9
6037 203.87 1e-9 1e-9
6038 203.87 1e-9 1e-9
6039 203.87 1e-9 1e-9
6040 203.87 1e-9 1e-9
6041 203.87 1e-9 1e-9
6042 203.87 1e-9 1e-9
7002 50.0 1e-9 1e-9
7004 50.0 1e-9 1e-9
7006 50.0 1e-9 1e-9
7008 50.0 1e-9 1e-9
7010 50.0 1e-9 1e-9
7012 50.0 1e-9 1e-9
7014 50.0 1e-9 1e-9
7016 50.0 1e-9 1e-9
7018 50.0 1e-9 1e-9
7020 50.0 1e-9 1e-9
7022 50.0 1e-9 1e-9
7024 50.0 1e-9 1e-9
7026 50.0 1e-9 1e-9
7028 50.0 1e-9 1e-9
7030 50.0 1e-9 1e-9
7032 50.0 1e-9 1e-9
7034 50.0 1e-9 1e-9
7036 50.0 1e-9 1e-9
7038 50.0 1e-9 1e-9
7040 50.0 1e-9 1e-9
7042 50.0 1e-9 1e-9
