110001 10001 10049
110002 10002 10050
110003 10003 10051
110004 10004 10052
110005 10005 10053
110006 10006 10054
110007 10007 10055
110008 10008 10056
110009 10009 10057
110010 10010 10058
110011 10011 10059
110012 10012 10060
110013 10013 10061
110014 10014 10062
110015 10015 10063
110016 10016 10064
110017 10017 10065
110018 10018 10066
110019 10019 10067
110020 10020 10068
110021 10021 10069
110022 10022 10070
110023 10023 10071
110024 10024 10072
110025 10025 10073
110026 10026 10074
110027 10027 10075
110028 10028 10076
110029 10029 10077
110030 10030 10078
110031 10031 10079
110032 10032 10080
110033 10033 10081
110034 10034 10082
110035 10035 10083
110036 10036 10084
110037 10037 10085
110038 10038 10086
110039 10039 10087
110040 10040 10088
110041 10041 10089
110042 10042 10090
110043 10043 10091
110044 10044 10092
110045 10045 10093
110046 10046 10094
110047 10047 10095
110048 10048 10096
110049 10049 10097
110050 10050 10098
110051 10051 10099
110052 10052 10100
110053 10053 10101
110054 10054 10102
110055 10055 10103
110056 10056 10104
110057 10057 10105
110058 10058 10106
110059 10059 10107
110060 10060 10108
110061 10061 10109
110062 10062 10110
110063 10063 10111
110064 10064 10112
110065 10065 10113
110066 10066 10114
110067 10067 10115
110068 10068 10116
110069 10069 10117
110070 10070 10118
110071 10071 10119
110072 10072 10120
110073 10073 10121
110074 10074 10122
110075 10075 10123
110076 10076 10124
110077 10077 10125
110078 10078 10126
110079 10079 10127
110080 10080 10128
110081 10081 10129
110082 10082 10130
110083 10083 10131
110084 10084 10132
110085 10085 10133
110086 10086 10134
110087 10087 10135
110088 10088 10136
110089 10089 10137
110090 10090 10138
110091 10091 10139
110092 10092 10140
110093 10093 10141
110094 10094 10142
110095 10095 10143
110096 10096 10144
110097 10097 10145
110098 10098 10146
110099 10099 10147
110100 10100 10148
110101 10101 10149
110102 10102 10150
110103 10103 10151
110104 10104 10152
110105 10105 10153
110106 10106 10154
110107 10107 10155
110108 10108 10156
110109 10109 10157
110110 10110 10158
110111 10111 10159
110112 10112 10160
110113 10113 10161
110114 10114 10162
110115 10115 10163
110116 10116 10164
110117 10117 10165
110118 10118 10166
110119 10119 10167
110120 10120 10168
110121 10121 10169
110122 10122 10170
110123 10123 10171
110124 10124 10172
110125 10125 10173
110126 10126 10174
110127 10127 10175
110128 10128 10176
110129 10129 10177
110130 10130 10178
110131 10131 10179
110132 10132 10180
110133 10133 10181
110134 10134 10182
110135 10135 10183
110136 10136 10184
110137 10137 10185
110138 10138 10186
110139 10139 10187
110140 10140 10188
110141 10141 10189
110142 10142 10190
110143 10143 10191
110144 10144 10192
110145 10145 10193
110146 10146 10194
110147 10147 10195
110148 10148 10196
110149 10149 10197
110150 10150 10198
110151 10151 10199
110152 10152 10200
110153 10153 10201
110154 10154 10202
110155 10155 10203
110156 10156 10204
110157 10157 10205
110158 10158 10206
110159 10159 10207
110160 10160 10208
110161 10161 10209
110162 10162 10210
110163 10163 10211
110164 10164 10212
110165 10165 10213
110166 10166 10214
110167 10167 10215
110168 10168 10216
110169 10169 10217
110170 10170 10218
110171 10171 10219
110172 10172 10220
110173 10173 10221
110174 10174 10222
110175 10175 10223
110176 10176 10224
110177 10177 10225
110178 10178 10226
110179 10179 10227
110180 10180 10228
110181 10181 10229
110182 10182 10230
110183 10183 10231
110184 10184 10232
110185 10185 10233
110186 10186 10234
110187 10187 10235
110188 10188 10236
110189 10189 10237
110190 10190 10238
110191 10191 10239
110192 10192 10240
110193 10193 10241
110194 10194 10242
110195 10195 10243
110196 10196 10244
110197 10197 10245
110198 10198 10246
110199 10199 10247
110200 10200 10248
110201 10201 10249
110202 10202 10250
110203 10203 10251
110204 10204 10252
110205 10205 10253
110206 10206 10254
110207 10207 10255
110208 10208 10256
110209 10209 10257
110210 10210 10258
110211 10211 10259
110212 10212 10260
110213 10213 10261
110214 10214 10262
110215 10215 10263
110216 10216 10264
110217 10217 10265
110218 10218 10266
110219 10219 10267
110220 10220 10268
110221 10221 10269
110222 10222 10270
110223 10223 10271
110224 10224 10272
110225 10225 10273
110226 10226 10274
110227 10227 10275
110228 10228 10276
110229 10229 10277
110230 10230 10278
110231 10231 10279
110232 10232 10280
110233 10233 10281
110234 10234 10282
110235 10235 10283
110236 10236 10284
110237 10237 10285
110238 10238 10286
110239 10239 10287
110240 10240 10288
110241 10241 10289
110242 10242 10290
110243 10243 10291
110244 10244 10292
110245 10245 10293
110246 10246 10294
110247 10247 10295
110248 10248 10296
110249 10249 10297
110250 10250 10298
110251 10251 10299
110252 10252 10300
110253 10253 10301
110254 10254 10302
110255 10255 10303
110256 10256 10304
110257 10257 10305
110258 10258 10306
110259 10259 10307
110260 10260 10308
110261 10261 10309
110262 10262 10310
110263 10263 10311
110264 10264 10312
110265 10265 10313
110266 10266 10314
110267 10267 10315
110268 10268 10316
110269 10269 10317
110270 10270 10318
110271 10271 10319
110272 10272 10320
110273 10273 10321
110274 10274 10322
110275 10275 10323
110276 10276 10324
110277 10277 10325
110278 10278 10326
110279 10279 10327
110280 10280 10328
110281 10281 10329
110282 10282 10330
110283 10283 10331
110284 10284 10332
110285 10285 10333
110286 10286 10334
110287 10287 10335
110288 10288 10336
110289 10289 10337
110290 10290 10338
110291 10291 10339
110292 10292 10340
110293 10293 10341
110294 10294 10342
110295 10295 10343
110296 10296 10344
110297 10297 10345
110298 10298 10346
110299 10299 10347
110300 10300 10348
110301 10301 10349
110302 10302 10350
110303 10303 10351
110304 10304 10352
110305 10305 10353
110306 10306 10354
110307 10307 10355
110308 10308 10356
110309 10309 10357
110310 10310 10358
110311 10311 10359
110312 10312 10360
110313 10313 10361
110314 10314 10362
110315 10315 10363
110316 10316 10364
110317 10317 10365
110318 10318 10366
110319 10319 10367
110320 10320 10368
110321 10321 10369
110322 10322 10370
110323 10323 10371
110324 10324 10372
110325 10325 10373
110326 10326 10374
110327 10327 10375
110328 10328 10376
110329 10329 10377
110330 10330 10378
110331 10331 10379
110332 10332 10380
110333 10333 10381
110334 10334 10382
110335 10335 10383
110336 10336 10384
110337 10337 10385
110338 10338 10386
110339 10339 10387
110340 10340 10388
110341 10341 10389
110342 10342 10390
110343 10343 10391
110344 10344 10392
110345 10345 10393
110346 10346 10394
110347 10347 10395
110348 10348 10396
110349 10349 10397
110350 10350 10398
110351 10351 10399
110352 10352 10400
110353 10353 10401
110354 10354 10402
110355 10355 10403
110356 10356 10404
110357 10357 10405
110358 10358 10406
110359 10359 10407
110360 10360 10408
110361 10361 10409
110362 10362 10410
110363 10363 10411
110364 10364 10412
110365 10365 10413
110366 10366 10414
110367 10367 10415
110368 10368 10416
110369 10369 10417
110370 10370 10418
110371 10371 10419
110372 10372 10420
110373 10373 10421
110374 10374 10422
110375 10375 10423
110376 10376 10424
110377 10377 10425
110378 10378 10426
110379 10379 10427
110380 10380 10428
110381 10381 10429
110382 10382 10430
110383 10383 10431
110384 10384 10432
110385 10385 10433
110386 10386 10434
110387 10387 10435
110388 10388 10436
110389 10389 10437
110390 10390 10438
110391 10391 10439
110392 10392 10440
110393 10393 10441
110394 10394 10442
110395 10395 10443
110396 10396 10444
110397 10397 10445
110398 10398 10446
110399 10399 10447
110400 10400 10448
110401 10401 10449
110402 10402 10450
110403 10403 10451
110404 10404 10452
110405 10405 10453
110406 10406 10454
110407 10407 10455
110408 10408 10456
110409 10409 10457
110410 10410 10458
110411 10411 10459
110412 10412 10460
110413 10413 10461
110414 10414 10462
110415 10415 10463
110416 10416 10464
110417 10417 10465
110418 10418 10466
110419 10419 10467
110420 10420 10468
110421 10421 10469
110422 10422 10470
110423 10423 10471
110424 10424 10472
110425 10425 10473
110426 10426 10474
110427 10427 10475
110428 10428 10476
110429 10429 10477
110430 10430 10478
110431 10431 10479
110432 10432 10480
110433 10433 10481
110434 10434 10482
110435 10435 10483
110436 10436 10484
110437 10437 10485
110438 10438 10486
110439 10439 10487
110440 10440 10488
110441 10441 10489
110442 10442 10490
110443 10443 10491
110444 10444 10492
110445 10445 10493
110446 10446 10494
110447 10447 10495
110448 10448 10496
110449 10449 10497
110450 10450 10498
110451 10451 10499
110452 10452 10500
110453 10453 10501
110454 10454 10502
110455 10455 10503
110456 10456 10504
110457 10457 10505
110458 10458 10506
110459 10459 10507
110460 10460 10508
110461 10461 10509
110462 10462 10510
110463 10463 10511
110464 10464 10512
110465 10465 10513
110466 10466 10514
110467 10467 10515
110468 10468 10516
110469 10469 10517
110470 10470 10518
110471 10471 10519
110472 10472 10520
110473 10473 10521
110474 10474 10522
110475 10475 10523
110476 10476 10524
110477 10477 10525
110478 10478 10526
110479 10479 10527
110480 10480 10528
110481 10481 10529
110482 10482 10530
110483 10483 10531
110484 10484 10532
110485 10485 10533
110486 10486 10534
110487 10487 10535
110488 10488 10536
110489 10489 10537
110490 10490 10538
110491 10491 10539
110492 10492 10540
110493 10493 10541
110494 10494 10542
110495 10495 10543
110496 10496 10544
110497 10497 10545
110498 10498 10546
110499 10499 10547
110500 10500 10548
110501 10501 10549
110502 10502 10550
110503 10503 10551
110504 10504 10552
110505 10505 10553
110506 10506 10554
110507 10507 10555
110508 10508 10556
110509 10509 10557
110510 10510 10558
110511 10511 10559
110512 10512 10560
110513 10513 10561
110514 10514 10562
110515 10515 10563
110516 10516 10564
110517 10517 10565
110518 10518 10566
110519 10519 10567
110520 10520 10568
110521 10521 10569
110522 10522 10570
110523 10523 10571
110524 10524 10572
110525 10525 10573
110526 10526 10574
110527 10527 10575
110528 10528 10576
110529 10529 10577
110530 10530 10578
110531 10531 10579
110532 10532 10580
110533 10533 10581
110534 10534 10582
110535 10535 10583
110536 10536 10584
110537 10537 10585
110538 10538 10586
110539 10539 10587
110540 10540 10588
110541 10541 10589
110542 10542 10590
110543 10543 10591
110544 10544 10592
110545 10545 10593
110546 10546 10594
110547 10547 10595
110548 10548 10596
110549 10549 10597
110550 10550 10598
110551 10551 10599
110552 10552 10600
110553 10553 10601
110554 10554 10602
110555 10555 10603
110556 10556 10604
110557 10557 10605
110558 10558 10606
110559 10559 10607
110560 10560 10608
110561 10561 10609
110562 10562 10610
110563 10563 10611
110564 10564 10612
110565 10565 10613
110566 10566 10614
110567 10567 10615
110568 10568 10616
110569 10569 10617
110570 10570 10618
110571 10571 10619
110572 10572 10620
110573 10573 10621
110574 10574 10622
110575 10575 10623
110576 10576 10624
110577 10577 10625
110578 10578 10626
110579 10579 10627
110580 10580 10628
110581 10581 10629
110582 10582 10630
110583 10583 10631
110584 10584 10632
110585 10585 10633
110586 10586 10634
110587 10587 10635
110588 10588 10636
110589 10589 10637
110590 10590 10638
110591 10591 10639
110592 10592 10640
110593 10593 10641
110594 10594 10642
110595 10595 10643
110596 10596 10644
110597 10597 10645
110598 10598 10646
110599 10599 10647
110600 10600 10648
110601 10601 10649
110602 10602 10650
110603 10603 10651
110604 10604 10652
110605 10605 10653
110606 10606 10654
110607 10607 10655
110608 10608 10656
110609 10609 10657
110610 10610 10658
110611 10611 10659
110612 10612 10660
110613 10613 10661
110614 10614 10662
110615 10615 10663
110616 10616 10664
110617 10617 10665
110618 10618 10666
110619 10619 10667
110620 10620 10668
110621 10621 10669
110622 10622 10670
110623 10623 10671
110624 10624 10672
110625 10625 10673
110626 10626 10674
110627 10627 10675
110628 10628 10676
110629 10629 10677
110630 10630 10678
110631 10631 10679
110632 10632 10680
110633 10633 10681
110634 10634 10682
110635 10635 10683
110636 10636 10684
110637 10637 10685
110638 10638 10686
110639 10639 10687
110640 10640 10688
110641 10641 10689
110642 10642 10690
110643 10643 10691
110644 10644 10692
110645 10645 10693
110646 10646 10694
110647 10647 10695
110648 10648 10696
110649 10649 10697
110650 10650 10698
110651 10651 10699
110652 10652 10700
110653 10653 10701
110654 10654 10702
110655 10655 10703
110656 10656 10704
110657 10657 10705
110658 10658 10706
110659 10659 10707
110660 10660 10708
110661 10661 10709
110662 10662 10710
110663 10663 10711
110664 10664 10712
110665 10665 10713
110666 10666 10714
110667 10667 10715
110668 10668 10716
110669 10669 10717
110670 10670 10718
110671 10671 10719
110672 10672 10720
110673 10673 10721
110674 10674 10722
110675 10675 10723
110676 10676 10724
110677 10677 10725
110678 10678 10726
110679 10679 10727
110680 10680 10728
110681 10681 10729
110682 10682 10730
110683 10683 10731
110684 10684 10732
110685 10685 10733
110686 10686 10734
110687 10687 10735
110688 10688 10736
110689 10689 10737
110690 10690 10738
110691 10691 10739
110692 10692 10740
110693 10693 10741
110694 10694 10742
110695 10695 10743
110696 10696 10744
110697 10697 10745
110698 10698 10746
110699 10699 10747
110700 10700 10748
110701 10701 10749
110702 10702 10750
110703 10703 10751
110704 10704 10752
110705 10705 10753
110706 10706 10754
110707 10707 10755
110708 10708 10756
110709 10709 10757
110710 10710 10758
110711 10711 10759
110712 10712 10760
110713 10713 10761
110714 10714 10762
110715 10715 10763
110716 10716 10764
110717 10717 10765
110718 10718 10766
110719 10719 10767
110720 10720 10768
110721 10721 10769
110722 10722 10770
110723 10723 10771
110724 10724 10772
110725 10725 10773
110726 10726 10774
110727 10727 10775
110728 10728 10776
110729 10729 10777
110730 10730 10778
110731 10731 10779
110732 10732 10780
110733 10733 10781
110734 10734 10782
110735 10735 10783
110736 10736 10784
110737 10737 10785
110738 10738 10786
110739 10739 10787
110740 10740 10788
110741 10741 10789
110742 10742 10790
110743 10743 10791
110744 10744 10792
110745 10745 10793
110746 10746 10794
110747 10747 10795
110748 10748 10796
110749 10749 10797
110750 10750 10798
110751 10751 10799
110752 10752 10800
110753 10753 10801
110754 10754 10802
110755 10755 10803
110756 10756 10804
110757 10757 10805
110758 10758 10806
110759 10759 10807
110760 10760 10808
110761 10761 10809
110762 10762 10810
110763 10763 10811
110764 10764 10812
110765 10765 10813
110766 10766 10814
110767 10767 10815
110768 10768 10816
110769 10769 10817
110770 10770 10818
110771 10771 10819
110772 10772 10820
110773 10773 10821
110774 10774 10822
110775 10775 10823
110776 10776 10824
110777 10777 10825
110778 10778 10826
110779 10779 10827
110780 10780 10828
110781 10781 10829
110782 10782 10830
110783 10783 10831
110784 10784 10832
110785 10785 10833
110786 10786 10834
110787 10787 10835
110788 10788 10836
110789 10789 10837
110790 10790 10838
110791 10791 10839
110792 10792 10840
110793 10793 10841
110794 10794 10842
110795 10795 10843
110796 10796 10844
110797 10797 10845
110798 10798 10846
110799 10799 10847
110800 10800 10848
110801 10801 10849
110802 10802 10850
110803 10803 10851
110804 10804 10852
110805 10805 10853
110806 10806 10854
110807 10807 10855
110808 10808 10856
110809 10809 10857
110810 10810 10858
110811 10811 10859
110812 10812 10860
110813 10813 10861
110814 10814 10862
110815 10815 10863
110816 10816 10864
110817 10817 10865
110818 10818 10866
110819 10819 10867
110820 10820 10868
110821 10821 10869
110822 10822 10870
110823 10823 10871
110824 10824 10872
110825 10825 10873
110826 10826 10874
110827 10827 10875
110828 10828 10876
110829 10829 10877
110830 10830 10878
110831 10831 10879
110832 10832 10880
110833 10833 10881
110834 10834 10882
110835 10835 10883
110836 10836 10884
110837 10837 10885
110838 10838 10886
110839 10839 10887
110840 10840 10888
110841 10841 10889
110842 10842 10890
110843 10843 10891
110844 10844 10892
110845 10845 10893
110846 10846 10894
110847 10847 10895
110848 10848 10896
110849 10849 10897
110850 10850 10898
110851 10851 10899
110852 10852 10900
110853 10853 10901
110854 10854 10902
110855 10855 10903
110856 10856 10904
110857 10857 10905
110858 10858 10906
110859 10859 10907
110860 10860 10908
110861 10861 10909
110862 10862 10910
110863 10863 10911
110864 10864 10912
110865 10865 10913
110866 10866 10914
110867 10867 10915
110868 10868 10916
110869 10869 10917
110870 10870 10918
110871 10871 10919
110872 10872 10920
110873 10873 10921
110874 10874 10922
110875 10875 10923
110876 10876 10924
110877 10877 10925
110878 10878 10926
110879 10879 10927
110880 10880 10928
110881 10881 10929
110882 10882 10930
110883 10883 10931
110884 10884 10932
110885 10885 10933
110886 10886 10934
110887 10887 10935
110888 10888 10936
110889 10889 10937
110890 10890 10938
110891 10891 10939
110892 10892 10940
110893 10893 10941
110894 10894 10942
110895 10895 10943
110896 10896 10944
110897 10897 10945
110898 10898 10946
110899 10899 10947
110900 10900 10948
110901 10901 10949
110902 10902 10950
110903 10903 10951
110904 10904 10952
110905 10905 10953
110906 10906 10954
110907 10907 10955
110908 10908 10956
110909 10909 10957
110910 10910 10958
110911 10911 10959
110912 10912 10960
110913 10913 10961
110914 10914 10962
110915 10915 10963
110916 10916 10964
110917 10917 10965
110918 10918 10966
110919 10919 10967
110920 10920 10968
110921 10921 10969
110922 10922 10970
110923 10923 10971
110924 10924 10972
110925 10925 10973
110926 10926 10974
110927 10927 10975
110928 10928 10976
110929 10929 10977
110930 10930 10978
110931 10931 10979
110932 10932 10980
110933 10933 10981
110934 10934 10982
110935 10935 10983
110936 10936 10984
110937 10937 10985
110938 10938 10986
110939 10939 10987
110940 10940 10988
110941 10941 10989
110942 10942 10990
110943 10943 10991
110944 10944 10992
110945 10945 10993
110946 10946 10994
110947 10947 10995
110948 10948 10996
110949 10949 10997
110950 10950 10998
110951 10951 10999
110952 10952 11000
110953 10953 11001
110954 10954 11002
110955 10955 11003
110956 10956 11004
110957 10957 11005
110958 10958 11006
110959 10959 11007
110960 10960 11008
110961 10961 11009
110962 10962 11010
110963 10963 11011
110964 10964 11012
110965 10965 11013
110966 10966 11014
110967 10967 11015
110968 10968 11016
110969 10969 11017
110970 10970 11018
110971 10971 11019
110972 10972 11020
110973 10973 11021
110974 10974 11022
110975 10975 11023
110976 10976 11024
110977 10977 11025
110978 10978 11026
110979 10979 11027
110980 10980 11028
110981 10981 11029
110982 10982 11030
110983 10983 11031
110984 10984 11032
110985 10985 11033
110986 10986 11034
110987 10987 11035
110988 10988 11036
110989 10989 11037
110990 10990 11038
110991 10991 11039
110992 10992 11040
110993 10993 11041
110994 10994 11042
110995 10995 11043
110996 10996 11044
110997 10997 11045
110998 10998 11046
110999 10999 11047
111000 11000 11048
111001 11001 11049
111002 11002 11050
111003 11003 11051
111004 11004 11052
111005 11005 11053
111006 11006 11054
111007 11007 11055
111008 11008 11056
111009 11009 11057
111010 11010 11058
111011 11011 11059
111012 11012 11060
111013 11013 11061
111014 11014 11062
111015 11015 11063
111016 11016 11064
111017 11017 11065
111018 11018 11066
111019 11019 11067
111020 11020 11068
111021 11021 11069
111022 11022 11070
111023 11023 11071
111024 11024 11072
111025 11025 11073
111026 11026 11074
111027 11027 11075
111028 11028 11076
111029 11029 11077
111030 11030 11078
111031 11031 11079
111032 11032 11080
111033 11033 11081
111034 11034 11082
111035 11035 11083
111036 11036 11084
111037 11037 11085
111038 11038 11086
111039 11039 11087
111040 11040 11088
111041 11041 11089
111042 11042 11090
111043 11043 11091
111044 11044 11092
111045 11045 11093
111046 11046 11094
111047 11047 11095
111048 11048 11096
111049 11049 11097
111050 11050 11098
111051 11051 11099
111052 11052 11100
111053 11053 11101
111054 11054 11102
111055 11055 11103
111056 11056 11104
111057 11057 11105
111058 11058 11106
111059 11059 11107
111060 11060 11108
111061 11061 11109
111062 11062 11110
111063 11063 11111
111064 11064 11112
111065 11065 11113
111066 11066 11114
111067 11067 11115
111068 11068 11116
111069 11069 11117
111070 11070 11118
111071 11071 11119
111072 11072 11120
111073 11073 11121
111074 11074 11122
111075 11075 11123
111076 11076 11124
111077 11077 11125
111078 11078 11126
111079 11079 11127
111080 11080 11128
111081 11081 11129
111082 11082 11130
111083 11083 11131
111084 11084 11132
111085 11085 11133
111086 11086 11134
111087 11087 11135
111088 11088 11136
111089 11089 11137
111090 11090 11138
111091 11091 11139
111092 11092 11140
111093 11093 11141
111094 11094 11142
111095 11095 11143
111096 11096 11144
111097 11097 11145
111098 11098 11146
111099 11099 11147
111100 11100 11148
111101 11101 11149
111102 11102 11150
111103 11103 11151
111104 11104 11152
111105 11105 11153
111106 11106 11154
111107 11107 11155
111108 11108 11156
111109 11109 11157
111110 11110 11158
111111 11111 11159
111112 11112 11160
111113 11113 11161
111114 11114 11162
111115 11115 11163
111116 11116 11164
111117 11117 11165
111118 11118 11166
111119 11119 11167
111120 11120 11168
111121 11121 11169
111122 11122 11170
111123 11123 11171
111124 11124 11172
111125 11125 11173
111126 11126 11174
111127 11127 11175
111128 11128 11176
111129 11129 11177
111130 11130 11178
111131 11131 11179
111132 11132 11180
111133 11133 11181
111134 11134 11182
111135 11135 11183
111136 11136 11184
111137 11137 11185
111138 11138 11186
111139 11139 11187
111140 11140 11188
111141 11141 11189
111142 11142 11190
111143 11143 11191
111144 11144 11192
111145 11145 11193
111146 11146 11194
111147 11147 11195
111148 11148 11196
111149 11149 11197
111150 11150 11198
111151 11151 11199
111152 11152 11200
111153 11153 11201
111154 11154 11202
111155 11155 11203
111156 11156 11204
111157 11157 11205
111158 11158 11206
111159 11159 11207
111160 11160 11208
111161 11161 11209
111162 11162 11210
111163 11163 11211
111164 11164 11212
111165 11165 11213
111166 11166 11214
111167 11167 11215
111168 11168 11216
111169 11169 11217
111170 11170 11218
111171 11171 11219
111172 11172 11220
111173 11173 11221
111174 11174 11222
111175 11175 11223
111176 11176 11224
111177 11177 11225
111178 11178 11226
111179 11179 11227
111180 11180 11228
111181 11181 11229
111182 11182 11230
111183 11183 11231
111184 11184 11232
111185 11185 11233
111186 11186 11234
111187 11187 11235
111188 11188 11236
111189 11189 11237
111190 11190 11238
111191 11191 11239
111192 11192 11240
111193 11193 11241
111194 11194 11242
111195 11195 11243
111196 11196 11244
111197 11197 11245
111198 11198 11246
111199 11199 11247
111200 11200 11248
111201 11201 11249
111202 11202 11250
111203 11203 11251
111204 11204 11252
111205 11205 11253
111206 11206 11254
111207 11207 11255
111208 11208 11256
111209 11209 11257
111210 11210 11258
111211 11211 11259
111212 11212 11260
111213 11213 11261
111214 11214 11262
111215 11215 11263
111216 11216 11264
111217 11217 11265
111218 11218 11266
111219 11219 11267
111220 11220 11268
111221 11221 11269
111222 11222 11270
111223 11223 11271
111224 11224 11272
111225 11225 11273
111226 11226 11274
111227 11227 11275
111228 11228 11276
111229 11229 11277
111230 11230 11278
111231 11231 11279
111232 11232 11280
111233 11233 11281
111234 11234 11282
111235 11235 11283
111236 11236 11284
111237 11237 11285
111238 11238 11286
111239 11239 11287
111240 11240 11288
111241 11241 11289
111242 11242 11290
111243 11243 11291
111244 11244 11292
111245 11245 11293
111246 11246 11294
111247 11247 11295
111248 11248 11296
111249 11249 11297
111250 11250 11298
111251 11251 11299
111252 11252 11300
111253 11253 11301
111254 11254 11302
111255 11255 11303
111256 11256 11304
111257 11257 11305
111258 11258 11306
111259 11259 11307
111260 11260 11308
111261 11261 11309
111262 11262 11310
111263 11263 11311
111264 11264 11312
111265 11265 11313
111266 11266 11314
111267 11267 11315
111268 11268 11316
111269 11269 11317
111270 11270 11318
111271 11271 11319
111272 11272 11320
111273 11273 11321
111274 11274 11322
111275 11275 11323
111276 11276 11324
111277 11277 11325
111278 11278 11326
111279 11279 11327
111280 11280 11328
111281 11281 11329
111282 11282 11330
111283 11283 11331
111284 11284 11332
111285 11285 11333
111286 11286 11334
111287 11287 11335
111288 11288 11336
111289 11289 11337
111290 11290 11338
111291 11291 11339
111292 11292 11340
111293 11293 11341
111294 11294 11342
111295 11295 11343
111296 11296 11344
111297 11297 11345
111298 11298 11346
111299 11299 11347
111300 11300 11348
111301 11301 11349
111302 11302 11350
111303 11303 11351
111304 11304 11352
111305 11305 11353
111306 11306 11354
111307 11307 11355
111308 11308 11356
111309 11309 11357
111310 11310 11358
111311 11311 11359
111312 11312 11360
111313 11313 11361
111314 11314 11362
111315 11315 11363
111316 11316 11364
111317 11317 11365
111318 11318 11366
111319 11319 11367
111320 11320 11368
111321 11321 11369
111322 11322 11370
111323 11323 11371
111324 11324 11372
111325 11325 11373
111326 11326 11374
111327 11327 11375
111328 11328 11376
111329 11329 11377
111330 11330 11378
111331 11331 11379
111332 11332 11380
111333 11333 11381
111334 11334 11382
111335 11335 11383
111336 11336 11384
111337 11337 11385
111338 11338 11386
111339 11339 11387
111340 11340 11388
111341 11341 11389
111342 11342 11390
111343 11343 11391
111344 11344 11392
111345 11345 11393
111346 11346 11394
111347 11347 11395
111348 11348 11396
111349 11349 11397
111350 11350 11398
111351 11351 11399
111352 11352 11400
111353 11353 11401
111354 11354 11402
111355 11355 11403
111356 11356 11404
111357 11357 11405
111358 11358 11406
111359 11359 11407
111360 11360 11408
111361 11361 11409
111362 11362 11410
111363 11363 11411
111364 11364 11412
111365 11365 11413
111366 11366 11414
111367 11367 11415
111368 11368 11416
111369 11369 11417
111370 11370 11418
111371 11371 11419
111372 11372 11420
111373 11373 11421
111374 11374 11422
111375 11375 11423
111376 11376 11424
111377 11377 11425
111378 11378 11426
111379 11379 11427
111380 11380 11428
111381 11381 11429
111382 11382 11430
111383 11383 11431
111384 11384 11432
111385 11385 11433
111386 11386 11434
111387 11387 11435
111388 11388 11436
111389 11389 11437
111390 11390 11438
111391 11391 11439
111392 11392 11440
111393 11393 11441
111394 11394 11442
111395 11395 11443
111396 11396 11444
111397 11397 11445
111398 11398 11446
111399 11399 11447
111400 11400 11448
111401 11401 11449
111402 11402 11450
111403 11403 11451
111404 11404 11452
111405 11405 11453
111406 11406 11454
111407 11407 11455
111408 11408 11456
111409 11409 11457
111410 11410 11458
111411 11411 11459
111412 11412 11460
111413 11413 11461
111414 11414 11462
111415 11415 11463
111416 11416 11464
111417 11417 11465
111418 11418 11466
111419 11419 11467
111420 11420 11468
111421 11421 11469
111422 11422 11470
111423 11423 11471
111424 11424 11472
111425 11425 11473
111426 11426 11474
111427 11427 11475
111428 11428 11476
111429 11429 11477
111430 11430 11478
111431 11431 11479
111432 11432 11480
111433 11433 11481
111434 11434 11482
111435 11435 11483
111436 11436 11484
111437 11437 11485
111438 11438 11486
111439 11439 11487
111440 11440 11488
111441 11441 11489
111442 11442 11490
111443 11443 11491
111444 11444 11492
111445 11445 11493
111446 11446 11494
111447 11447 11495
111448 11448 11496
111449 11449 11497
111450 11450 11498
111451 11451 11499
111452 11452 11500
111453 11453 11501
111454 11454 11502
111455 11455 11503
111456 11456 11504
111457 11457 11505
111458 11458 11506
111459 11459 11507
111460 11460 11508
111461 11461 11509
111462 11462 11510
111463 11463 11511
111464 11464 11512
111465 11465 11513
111466 11466 11514
111467 11467 11515
111468 11468 11516
111469 11469 11517
111470 11470 11518
111471 11471 11519
111472 11472 11520
111473 11473 11521
111474 11474 11522
111475 11475 11523
111476 11476 11524
111477 11477 11525
111478 11478 11526
111479 11479 11527
111480 11480 11528
111481 11481 11529
111482 11482 11530
111483 11483 11531
111484 11484 11532
111485 11485 11533
111486 11486 11534
111487 11487 11535
111488 11488 11536
111489 11489 11537
111490 11490 11538
111491 11491 11539
111492 11492 11540
111493 11493 11541
111494 11494 11542
111495 11495 11543
111496 11496 11544
111497 11497 11545
111498 11498 11546
111499 11499 11547
111500 11500 11548
111501 11501 11549
111502 11502 11550
111503 11503 11551
111504 11504 11552
111505 11505 11553
111506 11506 11554
111507 11507 11555
111508 11508 11556
111509 11509 11557
111510 11510 11558
111511 11511 11559
111512 11512 11560
111513 11513 11561
111514 11514 11562
111515 11515 11563
111516 11516 11564
111517 11517 11565
111518 11518 11566
111519 11519 11567
111520 11520 11568
111521 11521 11569
111522 11522 11570
111523 11523 11571
111524 11524 11572
111525 11525 11573
111526 11526 11574
111527 11527 11575
111528 11528 11576
111529 11529 11577
111530 11530 11578
111531 11531 11579
111532 11532 11580
111533 11533 11581
111534 11534 11582
111535 11535 11583
111536 11536 11584
111537 11537 11585
111538 11538 11586
111539 11539 11587
111540 11540 11588
111541 11541 11589
111542 11542 11590
111543 11543 11591
111544 11544 11592
111545 11545 11593
111546 11546 11594
111547 11547 11595
111548 11548 11596
111549 11549 11597
111550 11550 11598
111551 11551 11599
111552 11552 11600
111553 11553 11601
111554 11554 11602
111555 11555 11603
111556 11556 11604
111557 11557 11605
111558 11558 11606
111559 11559 11607
111560 11560 11608
111561 11561 11609
111562 11562 11610
111563 11563 11611
111564 11564 11612
111565 11565 11613
111566 11566 11614
111567 11567 11615
111568 11568 11616
111569 11569 11617
111570 11570 11618
111571 11571 11619
111572 11572 11620
111573 11573 11621
111574 11574 11622
111575 11575 11623
111576 11576 11624
111577 11577 11625
111578 11578 11626
111579 11579 11627
111580 11580 11628
111581 11581 11629
111582 11582 11630
111583 11583 11631
111584 11584 11632
111585 11585 11633
111586 11586 11634
111587 11587 11635
111588 11588 11636
111589 11589 11637
111590 11590 11638
111591 11591 11639
111592 11592 11640
111593 11593 11641
111594 11594 11642
111595 11595 11643
111596 11596 11644
111597 11597 11645
111598 11598 11646
111599 11599 11647
111600 11600 11648
111601 11601 11649
111602 11602 11650
111603 11603 11651
111604 11604 11652
111605 11605 11653
111606 11606 11654
111607 11607 11655
111608 11608 11656
111609 11609 11657
111610 11610 11658
111611 11611 11659
111612 11612 11660
111613 11613 11661
111614 11614 11662
111615 11615 11663
111616 11616 11664
111617 11617 11665
111618 11618 11666
111619 11619 11667
111620 11620 11668
111621 11621 11669
111622 11622 11670
111623 11623 11671
111624 11624 11672
111625 11625 11673
111626 11626 11674
111627 11627 11675
111628 11628 11676
111629 11629 11677
111630 11630 11678
111631 11631 11679
111632 11632 11680
111633 11633 11681
111634 11634 11682
111635 11635 11683
111636 11636 11684
111637 11637 11685
111638 11638 11686
111639 11639 11687
111640 11640 11688
111641 11641 11689
111642 11642 11690
111643 11643 11691
111644 11644 11692
111645 11645 11693
111646 11646 11694
111647 11647 11695
111648 11648 11696
111649 11649 11697
111650 11650 11698
111651 11651 11699
111652 11652 11700
111653 11653 11701
111654 11654 11702
111655 11655 11703
111656 11656 11704
111657 11657 11705
111658 11658 11706
111659 11659 11707
111660 11660 11708
111661 11661 11709
111662 11662 11710
111663 11663 11711
111664 11664 11712
111665 11665 11713
111666 11666 11714
111667 11667 11715
111668 11668 11716
111669 11669 11717
111670 11670 11718
111671 11671 11719
111672 11672 11720
111673 11673 11721
111674 11674 11722
111675 11675 11723
111676 11676 11724
111677 11677 11725
111678 11678 11726
111679 11679 11727
111680 11680 11728
111681 11681 11729
111682 11682 11730
111683 11683 11731
111684 11684 11732
111685 11685 11733
111686 11686 11734
111687 11687 11735
111688 11688 11736
111689 11689 11737
111690 11690 11738
111691 11691 11739
111692 11692 11740
111693 11693 11741
111694 11694 11742
111695 11695 11743
111696 11696 11744
111697 11697 11745
111698 11698 11746
111699 11699 11747
111700 11700 11748
111701 11701 11749
111702 11702 11750
111703 11703 11751
111704 11704 11752
111705 11705 11753
111706 11706 11754
111707 11707 11755
111708 11708 11756
111709 11709 11757
111710 11710 11758
111711 11711 11759
111712 11712 11760
111713 11713 11761
111714 11714 11762
111715 11715 11763
111716 11716 11764
111717 11717 11765
111718 11718 11766
111719 11719 11767
111720 11720 11768
111721 11721 11769
111722 11722 11770
111723 11723 11771
111724 11724 11772
111725 11725 11773
111726 11726 11774
111727 11727 11775
111728 11728 11776
111729 11729 11777
111730 11730 11778
111731 11731 11779
111732 11732 11780
111733 11733 11781
111734 11734 11782
111735 11735 11783
111736 11736 11784
111737 11737 11785
111738 11738 11786
111739 11739 11787
111740 11740 11788
111741 11741 11789
111742 11742 11790
111743 11743 11791
111744 11744 11792
111745 11745 11793
111746 11746 11794
111747 11747 11795
111748 11748 11796
111749 11749 11797
111750 11750 11798
111751 11751 11799
111752 11752 11800
111753 11753 11801
111754 11754 11802
111755 11755 11803
111756 11756 11804
111757 11757 11805
111758 11758 11806
111759 11759 11807
111760 11760 11808
111761 11761 11809
111762 11762 11810
111763 11763 11811
111764 11764 11812
111765 11765 11813
111766 11766 11814
111767 11767 11815
111768 11768 11816
111769 11769 11817
111770 11770 11818
111771 11771 11819
111772 11772 11820
111773 11773 11821
111774 11774 11822
111775 11775 11823
111776 11776 11824
111777 11777 11825
111778 11778 11826
111779 11779 11827
111780 11780 11828
111781 11781 11829
111782 11782 11830
111783 11783 11831
111784 11784 11832
111785 11785 11833
111786 11786 11834
111787 11787 11835
111788 11788 11836
111789 11789 11837
111790 11790 11838
111791 11791 11839
111792 11792 11840
111793 11793 11841
111794 11794 11842
111795 11795 11843
111796 11796 11844
111797 11797 11845
111798 11798 11846
111799 11799 11847
111800 11800 11848
111801 11801 11849
111802 11802 11850
111803 11803 11851
111804 11804 11852
111805 11805 11853
111806 11806 11854
111807 11807 11855
111808 11808 11856
111809 11809 11857
111810 11810 11858
111811 11811 11859
111812 11812 11860
111813 11813 11861
111814 11814 11862
111815 11815 11863
111816 11816 11864
111817 11817 11865
111818 11818 11866
111819 11819 11867
111820 11820 11868
111821 11821 11869
111822 11822 11870
111823 11823 11871
111824 11824 11872
120001 1006001 1006105
120002 1008401 1008505
120003 1009701 1009805
120004 1009901 1010005
120005 1010101 1010205
120006 1010301 1010405
120007 1010501 1010605
120008 1010701 1010805
120009 1010901 1011005
120010 1011101 1011205
120011 1011301 1011405
120012 1011501 1011605
120013 1011701 1011805
120014 1011901 1012005
120015 1012101 1012205
120016 1012301 1012405
120017 1012501 1012605
120018 1012701 1012805
120019 1012901 1013005
120020 1013101 1013205
120021 1013301 1013405
120022 1013501 1013605
120023 1013701 1013805
120024 1013901 1014005
120025 1014101 1014205
120026 1014301 1014405
120027 1014501 1014605
120028 1014601 1014705
120029 1014701 1014805
120030 1014801 1014905
120031 1014901 1015005
120032 1015001 1015105
120033 1015101 1015205
120034 1015201 1015305
120035 1015301 1015405
120036 1015401 1015505
120037 1015501 1015605
120038 1015701 1015805
120039 1015801 1015905
120040 1015901 1016005
120041 1016001 1016105
120042 1016101 1016205
120043 1016201 1016305
120044 1016301 1016405
120045 1016401 1016505
120046 1016501 1016605
120047 1016601 1016705
120048 1016701 1016805
120049 1016901 1017005
120050 1017001 1017105
120051 1017101 1017205
120052 1017201 1017305
120053 1017301 1017405
120054 1017401 1017505
120055 1017501 1017605
120056 1017601 1017705
120057 1017701 1017805
120058 1017801 1017905
120059 1017901 1018005
120060 1018101 1018205
120061 1018201 1018305
120062 1018301 1018405
120063 1018401 1018505
120064 1018501 1018605
120065 1018601 1018705
120066 1018701 1018805
120067 1018801 1018905
120068 1018901 1019005
120069 1019001 1019105
120070 1019101 1019205
120071 1019301 1019405
120072 1019501 1019605
120073 1019701 1019805
120074 1019901 1020005
120075 1020101 1020205
120076 1020301 1020405
120077 1020501 1020605
120078 1020701 1020805
120079 1020901 1021005
120080 1021101 1021205
120081 1021301 1021405
120082 1021501 1021605
120083 1021701 1021805
120084 1021901 1022005
120085 1022101 1022205
120086 1022301 1022405
120087 1022501 1022605
120088 1022701 1022805
120089 1022901 1023005
120090 1023101 1023205
120091 1023301 1023405
120092 1023501 1023605
120093 1023701 1023805
120094 1023901 1024005
120095 1025201 1025305
120096 1027601 1027705
120097 1028901 1029005
120098 1029101 1029205
120099 1029301 1029405
120100 1029501 1029605
120101 1029701 1029805
120102 1029901 1030005
120103 1030101 1030205
120104 1030301 1030405
120105 1030501 1030605
120106 1030701 1030805
120107 1030901 1031005
120108 1031101 1031205
120109 1031301 1031405
120110 1031501 1031605
120111 1031701 1031805
120112 1031901 1032005
120113 1032101 1032205
120114 1032301 1032405
120115 1032501 1032605
120116 1032701 1032805
120117 1032901 1033005
120118 1033101 1033205
120119 1033301 1033405
120120 1033501 1033605
120121 1033701 1033805
120122 1033801 1033905
120123 1033901 1034005
120124 1034001 1034105
120125 1034101 1034205
120126 1034201 1034305
120127 1034301 1034405
120128 1034401 1034505
120129 1034501 1034605
120130 1034601 1034705
120131 1034701 1034805
120132 1034901 1035005
120133 1035001 1035105
120134 1035101 1035205
120135 1035201 1035305
120136 1035301 1035405
120137 1035401 1035505
120138 1035501 1035605
120139 1035601 1035705
120140 1035701 1035805
120141 1035801 1035905
120142 1035901 1036005
120143 1036101 1036205
120144 1036201 1036305
120145 1036301 1036405
120146 1036401 1036505
120147 1036501 1036605
120148 1036601 1036705
120149 1036701 1036805
120150 1036801 1036905
120151 1036901 1037005
120152 1037001 1037105
120153 1037101 1037205
120154 1037301 1037405
120155 1037401 1037505
120156 1037501 1037605
120157 1037601 1037705
120158 1037701 1037805
120159 1037801 1037905
120160 1037901 1038005
120161 1038001 1038105
120162 1038101 1038205
120163 1038201 1038305
120164 1038301 1038405
120165 1038501 1038605
120166 1038701 1038805
120167 1038901 1039005
120168 1039101 1039205
120169 1039301 1039405
120170 1039501 1039605
120171 1039701 1039805
120172 1039901 1040005
120173 1040101 1040205
120174 1040301 1040405
120175 1040501 1040605
120176 1040701 1040805
120177 1040901 1041005
120178 1041101 1041205
120179 1041301 1041405
120180 1041501 1041605
120181 1041701 1041805
120182 1041901 1042005
120183 1042101 1042205
120184 1042301 1042405
120185 1042501 1042605
120186 1042701 1042805
120187 1042901 1043005
120188 1043101 1043205
120189 1044401 1044505
120190 1046801 1046905
120191 1048101 1048205
120192 1048201 1048305
120193 1048301 1048405
120194 1048401 1048505
120195 1048501 1048605
120196 1048601 1048705
120197 1048701 1048805
120198 1048801 1048905
120199 1048901 1049005
120200 1049001 1049105
120201 1049101 1049205
120202 1049301 1049405
120203 1049401 1049505
120204 1049501 1049605
120205 1049601 1049705
120206 1049701 1049805
120207 1049801 1049905
120208 1049901 1050005
120209 1050001 1050105
120210 1050101 1050205
120211 1050201 1050305
120212 1050301 1050405
120213 1050501 1050605
120214 1050601 1050705
120215 1050701 1050805
120216 1050801 1050905
120217 1050901 1051005
120218 1051001 1051105
120219 1051101 1051205
120220 1051201 1051305
120221 1051301 1051405
120222 1051401 1051505
120223 1051501 1051605
120224 1051701 1051805
120225 1051801 1051905
120226 1051901 1052005
120227 1052001 1052105
120228 1052101 1052205
120229 1052201 1052305
120230 1052301 1052405
120231 1052401 1052505
120232 1052501 1052605
120233 1052601 1052705
120234 1052701 1052805
120235 1052901 1053005
120236 1053101 1053205
120237 1053301 1053405
120238 1053501 1053605
120239 1053701 1053805
120240 1053901 1054005
120241 1054101 1054205
120242 1054301 1054405
120243 1054501 1054605
120244 1054701 1054805
120245 1054901 1055005
120246 1055101 1055205
120247 1055301 1055405
120248 1055501 1055605
120249 1055701 1055805
120250 1055901 1056005
120251 1056101 1056205
120252 1056301 1056405
120253 1056501 1056605
120254 1056701 1056805
120255 1056901 1057005
120256 1057101 1057205
120257 1057301 1057405
120258 1057501 1057605
120259 1057701 1057805
120260 1057901 1058005
120261 1058101 1058205
120262 1058301 1058405
120263 1058501 1058605
120264 1058701 1058805
120265 1058901 1059005
120266 1059101 1059205
120267 1059301 1059405
120268 1059501 1059605
120269 1059701 1059805
120270 1059901 1060005
120271 1060101 1060205
120272 1060301 1060405
120273 1060501 1060605
120274 1060701 1060805
120275 1060901 1061005
120276 1061101 1061205
120277 1061301 1061405
120278 1061501 1061605
120279 1061701 1061805
120280 1061901 1062005
120281 1062101 1062205
120282 1062301 1062405
120283 1063601 1063705
120284 1066001 1066105
120285 1067301 1067405
120286 1067401 1067505
120287 1067501 1067605
120288 1067601 1067705
120289 1067701 1067805
120290 1067801 1067905
120291 1067901 1068005
120292 1068001 1068105
120293 1068101 1068205
120294 1068201 1068305
120295 1068301 1068405
120296 1068501 1068605
120297 1068601 1068705
120298 1068701 1068805
120299 1068801 1068905
120300 1068901 1069005
120301 1069001 1069105
120302 1069101 1069205
120303 1069201 1069305
120304 1069301 1069405
120305 1069401 1069505
120306 1069501 1069605
120307 1069701 1069805
120308 1069801 1069905
120309 1069901 1070005
120310 1070001 1070105
120311 1070101 1070205
120312 1070201 1070305
120313 1070301 1070405
120314 1070401 1070505
120315 1070501 1070605
120316 1070601 1070705
120317 1070701 1070805
120318 1070901 1071005
120319 1071001 1071105
120320 1071101 1071205
120321 1071201 1071305
120322 1071301 1071405
120323 1071401 1071505
120324 1071501 1071605
120325 1071601 1071705
120326 1071701 1071805
120327 1071801 1071905
120328 1071901 1072005
120329 1072101 1072205
120330 1072301 1072405
120331 1072501 1072605
120332 1072701 1072805
120333 1072901 1073005
120334 1073101 1073205
120335 1073301 1073405
120336 1073501 1073605
120337 1073701 1073805
120338 1073901 1074005
120339 1074101 1074205
120340 1074301 1074405
120341 1074501 1074605
120342 1074701 1074805
120343 1074901 1075005
120344 1075101 1075205
120345 1075301 1075405
120346 1075501 1075605
120347 1075701 1075805
120348 1075901 1076005
120349 1076101 1076205
120350 1076301 1076405
120351 1076501 1076605
120352 1076701 1076805
120353 1076901 1077005
120354 1077101 1077205
120355 1077301 1077405
120356 1077501 1077605
120357 1077701 1077805
120358 1077901 1078005
120359 1078101 1078205
120360 1078301 1078405
120361 1078501 1078605
120362 1078701 1078805
120363 1078901 1079005
120364 1079101 1079205
120365 1079301 1079405
120366 1079501 1079605
120367 1079701 1079805
120368 1079901 1080005
120369 1080101 1080205
120370 1080301 1080405
120371 1080501 1080605
120372 1080701 1080805
120373 1080901 1081005
120374 1081101 1081205
120375 1081301 1081405
120376 1081501 1081605
120377 1082801 1082905
120378 1085201 1085305
120379 1086501 1086605
120380 1086601 1086705
120381 1086701 1086805
120382 1086801 1086905
120383 1086901 1087005
120384 1087001 1087105
120385 1087101 1087205
120386 1087201 1087305
120387 1087301 1087405
120388 1087401 1087505
120389 1087501 1087605
120390 1087701 1087805
120391 1087801 1087905
120392 1087901 1088005
120393 1088001 1088105
120394 1088101 1088205
120395 1088201 1088305
120396 1088301 1088405
120397 1088401 1088505
120398 1088501 1088605
120399 1088601 1088705
120400 1088701 1088805
120401 1088901 1089005
120402 1089001 1089105
120403 1089101 1089205
120404 1089201 1089305
120405 1089301 1089405
120406 1089401 1089505
120407 1089501 1089605
120408 1089601 1089705
120409 1089701 1089805
120410 1089801 1089905
120411 1089901 1090005
120412 1090101 1090205
120413 1090201 1090305
120414 1090301 1090405
120415 1090401 1090505
120416 1090501 1090605
120417 1090601 1090705
120418 1090701 1090805
120419 1090801 1090905
120420 1090901 1091005
120421 1091001 1091105
120422 1091101 1091205
120423 1091301 1091405
120424 1091501 1091605
120425 1091701 1091805
120426 1091901 1092005
120427 1092101 1092205
120428 1092301 1092405
120429 1092501 1092605
120430 1092701 1092805
120431 1092901 1093005
120432 1093101 1093205
120433 1093301 1093405
120434 1093501 1093605
120435 1093701 1093805
120436 1093901 1094005
120437 1094101 1094205
120438 1094301 1094405
120439 1094501 1094605
120440 1094701 1094805
120441 1094901 1095005
120442 1095101 1095205
120443 1095301 1095405
120444 1095501 1095605
120445 1095701 1095805
120446 1095901 1096005
120447 1100901 1101005
120448 1101101 1101205
120449 1101301 1101405
120450 1101501 1101605
120451 1101701 1101805
120452 1101901 1102005
120453 1102101 1102205
120454 1102301 1102405
120455 1102501 1102605
120456 1102701 1102805
120457 1102901 1103005
120458 1103101 1103205
120459 1103301 1103405
120460 1103501 1103605
120461 1103701 1103805
120462 1103901 1104005
120463 1104101 1104205
120464 1104301 1104405
120465 1104501 1104605
120466 1104701 1104805
120467 1104901 1105005
120468 1105101 1105205
120469 1105301 1105405
120470 1105501 1105605
120471 1106801 1106905
120472 1109201 1109305
120473 1110501 1110605
120474 1110601 1110705
120475 1110701 1110805
120476 1110801 1110905
120477 1110901 1111005
120478 1111001 1111105
120479 1111101 1111205
120480 1111201 1111305
120481 1111301 1111405
120482 1111401 1111505
120483 1111501 1111605
120484 1111701 1111805
120485 1111801 1111905
120486 1111901 1112005
120487 1112001 1112105
120488 1112101 1112205
120489 1112201 1112305
120490 1112301 1112405
120491 1112401 1112505
120492 1112501 1112605
120493 1112601 1112705
120494 1112701 1112805
120495 1112901 1113005
120496 1113001 1113105
120497 1113101 1113205
120498 1113201 1113305
120499 1113301 1113405
120500 1113401 1113505
120501 1113501 1113605
120502 1113601 1113705
120503 1113701 1113805
120504 1113801 1113905
120505 1113901 1114005
120506 1114101 1114205
120507 1114201 1114305
120508 1114301 1114405
120509 1114401 1114505
120510 1114501 1114605
120511 1114601 1114705
120512 1114701 1114805
120513 1114801 1114905
120514 1114901 1115005
120515 1115001 1115105
120516 1115101 1115205
120517 1115301 1115405
120518 1115501 1115605
120519 1115701 1115805
120520 1115901 1116005
120521 1116101 1116205
120522 1116301 1116405
120523 1116501 1116605
120524 1116701 1116805
120525 1116901 1117005
120526 1117101 1117205
120527 1117301 1117405
120528 1117501 1117605
120529 1117701 1117805
120530 1117901 1118005
120531 1118101 1118205
120532 1118301 1118405
120533 1118501 1118605
120534 1118701 1118805
120535 1118901 1119005
120536 1119101 1119205
120537 1119301 1119405
120538 1119501 1119605
120539 1119701 1119805
120540 1119901 1120005
120541 1120101 1120205
120542 1120301 1120405
120543 1120501 1120605
120544 1120701 1120805
120545 1120901 1121005
120546 1121101 1121205
120547 1121301 1121405
120548 1121501 1121605
120549 1121701 1121805
120550 1121901 1122005
120551 1122101 1122205
120552 1122301 1122405
120553 1122501 1122605
120554 1122701 1122805
120555 1122901 1123005
120556 1123101 1123205
120557 1123301 1123405
120558 1123501 1123605
120559 1123701 1123805
120560 1123901 1124005
120561 1124101 1124205
120562 1124301 1124405
120563 1124501 1124605
120564 1124701 1124805
120565 1126001 1126105
120566 1128401 1128505
120567 1129701 1129805
120568 1129801 1129905
120569 1129901 1130005
120570 1130001 1130105
120571 1130101 1130205
120572 1130201 1130305
120573 1130301 1130405
120574 1130401 1130505
120575 1130501 1130605
120576 1130601 1130705
120577 1130701 1130805
120578 1130901 1131005
120579 1131001 1131105
120580 1131101 1131205
120581 1131201 1131305
120582 1131301 1131405
120583 1131401 1131505
120584 1131501 1131605
120585 1131601 1131705
120586 1131701 1131805
120587 1131801 1131905
120588 1131901 1132005
120589 1132101 1132205
120590 1132201 1132305
120591 1132301 1132405
120592 1132401 1132505
120593 1132501 1132605
120594 1132601 1132705
120595 1132701 1132805
120596 1132801 1132905
120597 1132901 1133005
120598 1133001 1133105
120599 1133101 1133205
120600 1133301 1133405
120601 1133401 1133505
120602 1133501 1133605
120603 1133601 1133705
120604 1133701 1133805
120605 1133801 1133905
120606 1133901 1134005
120607 1134001 1134105
120608 1134101 1134205
120609 1134201 1134305
120610 1134301 1134405
120611 1134501 1134605
120612 1134701 1134805
120613 1134901 1135005
120614 1135101 1135205
120615 1135301 1135405
120616 1135501 1135605
120617 1135701 1135805
120618 1135901 1136005
120619 1136101 1136205
120620 1136301 1136405
120621 1136501 1136605
120622 1136701 1136805
120623 1136901 1137005
120624 1137101 1137205
120625 1137301 1137405
120626 1137501 1137605
120627 1137701 1137805
120628 1137901 1138005
120629 1138101 1138205
120630 1138301 1138405
120631 1138501 1138605
120632 1138701 1138805
120633 1138901 1139005
120634 1139101 1139205
120635 1139301 1139405
120636 1139501 1139605
120637 1139701 1139805
120638 1139901 1140005
120639 1140101 1140205
120640 1140301 1140405
120641 1140501 1140605
120642 1140701 1140805
120643 1140901 1141005
120644 1141101 1141205
120645 1141301 1141405
120646 1141501 1141605
120647 1141701 1141805
120648 1141901 1142005
120649 1142101 1142205
120650 1142301 1142405
120651 1142501 1142605
120652 1142701 1142805
120653 1142901 1143005
120654 1143101 1143205
120655 1143301 1143405
120656 1143501 1143605
120657 1143701 1143805
120658 1143901 1144005
120659 1145201 1145305
120660 1147601 1147705
120661 1148901 1149005
120662 1149001 1149105
120663 1149101 1149205
120664 1149201 1149305
120665 1149301 1149405
120666 1149401 1149505
120667 1149501 1149605
120668 1149601 1149705
120669 1149701 1149805
120670 1149801 1149905
120671 1149901 1150005
120672 1150101 1150205
120673 1150201 1150305
120674 1150301 1150405
120675 1150401 1150505
120676 1150501 1150605
120677 1150601 1150705
120678 1150701 1150805
120679 1150801 1150905
120680 1150901 1151005
120681 1151001 1151105
120682 1151101 1151205
120683 1151301 1151405
120684 1151401 1151505
120685 1151501 1151605
120686 1151601 1151705
120687 1151701 1151805
120688 1151801 1151905
120689 1151901 1152005
120690 1152001 1152105
120691 1152101 1152205
120692 1152201 1152305
120693 1152301 1152405
120694 1152501 1152605
120695 1152601 1152705
120696 1152701 1152805
120697 1152801 1152905
120698 1152901 1153005
120699 1153001 1153105
120700 1153101 1153205
120701 1153201 1153305
120702 1153301 1153405
120703 1153401 1153505
120704 1153501 1153605
120705 1153701 1153805
120706 1153901 1154005
120707 1154101 1154205
120708 1154301 1154405
120709 1154501 1154605
120710 1154701 1154805
120711 1154901 1155005
120712 1155101 1155205
120713 1155301 1155405
120714 1155501 1155605
120715 1155701 1155805
120716 1155901 1156005
120717 1156101 1156205
120718 1156301 1156405
120719 1156501 1156605
120720 1156701 1156805
120721 1156901 1157005
120722 1157101 1157205
120723 1157301 1157405
120724 1157501 1157605
120725 1157701 1157805
120726 1157901 1158005
120727 1158101 1158205
120728 1158301 1158405
120729 1158501 1158605
120730 1158701 1158805
120731 1158901 1159005
120732 1159101 1159205
120733 1159301 1159405
120734 1159501 1159605
120735 1159701 1159805
120736 1159901 1160005
120737 1160101 1160205
120738 1160301 1160405
120739 1160501 1160605
120740 1160701 1160805
120741 1160901 1161005
120742 1161101 1161205
120743 1161301 1161405
120744 1161501 1161605
120745 1161701 1161805
120746 1161901 1162005
120747 1162101 1162205
120748 1162301 1162405
120749 1162501 1162605
120750 1162701 1162805
120751 1162901 1163005
120752 1163101 1163205
120753 1164401 1164505
120754 1166801 1166905
120755 1168101 1168205
120756 1168201 1168305
120757 1168301 1168405
120758 1168401 1168505
120759 1168501 1168605
120760 1168601 1168705
120761 1168701 1168805
120762 1168801 1168905
120763 1168901 1169005
120764 1169001 1169105
120765 1169101 1169205
120766 1169301 1169405
120767 1169401 1169505
120768 1169501 1169605
120769 1169601 1169705
120770 1169701 1169805
120771 1169801 1169905
120772 1169901 1170005
120773 1170001 1170105
120774 1170101 1170205
120775 1170201 1170305
120776 1170301 1170405
120777 1170501 1170605
120778 1170601 1170705
120779 1170701 1170805
120780 1170801 1170905
120781 1170901 1171005
120782 1171001 1171105
120783 1171101 1171205
120784 1171201 1171305
120785 1171301 1171405
120786 1171401 1171505
120787 1171501 1171605
120788 1171701 1171805
120789 1171801 1171905
120790 1171901 1172005
120791 1172001 1172105
120792 1172101 1172205
120793 1172201 1172305
120794 1172301 1172405
120795 1172401 1172505
120796 1172501 1172605
120797 1172601 1172705
120798 1172701 1172805
120799 1172901 1173005
120800 1173101 1173205
120801 1173301 1173405
120802 1173501 1173605
120803 1173701 1173805
120804 1173901 1174005
120805 1174101 1174205
120806 1174301 1174405
120807 1174501 1174605
120808 1174701 1174805
120809 1174901 1175005
120810 1175101 1175205
120811 1175301 1175405
120812 1175501 1175605
120813 1175701 1175805
120814 1175901 1176005
120815 1176101 1176205
120816 1176301 1176405
120817 1176501 1176605
120818 1176701 1176805
120819 1176901 1177005
120820 1177101 1177205
120821 1177301 1177405
120822 1177501 1177605
120823 1177701 1177805
120824 1177901 1178005
120825 1178101 1178205
120826 1178301 1178405
120827 1178501 1178605
120828 1178701 1178805
120829 1178901 1179005
120830 1179101 1179205
120831 1179301 1179405
120832 1179501 1179605
120833 1179701 1179805
120834 1179901 1180005
120835 1180101 1180205
120836 1180301 1180405
120837 1180501 1180605
120838 1180701 1180805
120839 1180901 1181005
120840 1181101 1181205
120841 1181301 1181405
120842 1181501 1181605
120843 1181701 1181805
120844 1181901 1182005
120845 1182101 1182205
120846 1182301 1182405
31001 3029102 301
31002 301 3058206
31003 3029702 302
31004 302 3058806
31005 3030302 303
31006 303 3059406
31007 3030902 304
31008 304 3060006
31009 3031502 305
31010 305 3060606
31011 3032102 306
31012 306 3061206
31013 3033008 307
31014 307 3061504
31015 3033608 308
31016 308 3062104
31017 3034208 309
31018 309 3062704
31019 3034808 310
31020 310 3063304
31021 3035408 311
31022 311 3063904
31023 3036008 312
31024 312 3064504
31025 3036302 313
31026 313 3065406
31027 3036902 314
31028 314 3066006
31029 3037502 315
31030 315 3066606
31031 3038102 316
31032 316 3067206
31033 3038702 317
31034 317 3067806
31035 3039302 318
31036 318 3068406
31037 3040208 319
31038 319 3068704
31039 3040808 320
31040 320 3069304
31041 3041408 321
31042 321 3069904
31043 3042008 322
31044 322 3070504
31045 3042608 323
31046 323 3071104
31047 3043208 324
31048 324 3071704
31049 3058208 325
31050 325 3086704
31051 3058808 326
31052 326 3087304
31053 3059408 327
31054 327 3087904
31055 3060008 328
31056 328 3088504
31057 3060608 329
31058 329 3089104
31059 3061208 330
31060 330 3089704
31061 3061502 331
31062 331 3090606
31063 3062102 332
31064 332 3091206
31065 3062702 333
31066 333 3091806
31067 3063302 334
31068 334 3092406
31069 3063902 335
31070 335 3093006
31071 3064502 336
31072 336 3093606
31073 3065408 337
31074 337 3093904
31075 3066008 338
31076 338 3094504
31077 3066608 339
31078 339 3095104
31079 3067208 340
31080 340 3095704
31081 3067808 341
31082 341 3096304
31083 3068408 342
31084 342 3096904
31085 3068702 343
31086 343 3097806
31087 3069302 344
31088 344 3098406
31089 3069902 345
31090 345 3099006
31091 3070502 346
31092 346 3099606
31093 3071102 347
31094 347 3100206
31095 3071702 348
31096 348 3100806
31097 3086702 349
31098 349 3115806
31099 3087302 350
31100 350 3116406
31101 3087902 351
31102 351 3117006
31103 3088502 352
31104 352 3117606
31105 3089102 353
31106 353 3118206
31107 3089702 354
31108 354 3118806
31109 3090608 355
31110 355 3119104
31111 3091208 356
31112 356 3119704
31113 3091808 357
31114 357 3120304
31115 3092408 358
31116 358 3120904
31117 3093008 359
31118 359 3121504
31119 3093608 360
31120 360 3122104
31121 3093902 361
31122 361 3123006
31123 3094502 362
31124 362 3123606
31125 3095102 363
31126 363 3124206
31127 3095702 364
31128 364 3124806
31129 3096302 365
31130 365 3125406
31131 3096902 366
31132 366 3126006
31133 3097808 367
31134 367 3126304
31135 3098408 368
31136 368 3126904
31137 3099008 369
31138 369 3127504
31139 3099608 370
31140 370 3128104
31141 3100208 371
31142 371 3128704
31143 3100808 372
31144 372 3129304
31145 3115808 373
31146 373 3158704
31147 3116408 374
31148 374 3159304
31149 3117008 375
31150 375 3159904
31151 3117608 376
31152 376 3160504
31153 3118208 377
31154 377 3161104
31155 3118808 378
31156 378 3161704
31157 3119102 379
31158 379 3162606
31159 3119702 380
31160 380 3163206
31161 3120302 381
31162 381 3163806
31163 3120902 382
31164 382 3164406
31165 3121502 383
31166 383 3165006
31167 3122102 384
31168 384 3165606
31169 3123008 385
31170 385 3165904
31171 3123608 386
31172 386 3166504
31173 3124208 387
31174 387 3167104
31175 3124808 388
31176 388 3167704
31177 3125408 389
31178 389 3168304
31179 3126008 390
31180 390 3168904
31181 3126302 391
31182 391 3169806
31183 3126902 392
31184 392 3170406
31185 3127502 393
31186 393 3171006
31187 3128102 394
31188 394 3171606
31189 3128702 395
31190 395 3172206
31191 3129302 396
31192 396 3172806
31193 3158702 397
31194 397 3173406
31195 3159302 398
31196 398 3174006
31197 3159902 399
31198 399 3174606
31199 3160502 400
31200 400 3175206
31201 3161102 401
31202 401 3175806
31203 3161702 402
31204 402 3176406
31205 3162608 403
31206 403 3176704
31207 3163208 404
31208 404 3177304
31209 3163808 405
31210 405 3177904
31211 3164408 406
31212 406 3178504
31213 3165008 407
31214 407 3179104
31215 3165608 408
31216 408 3179704
31217 3165902 409
31218 409 3180606
31219 3166502 410
31220 410 3181206
31221 3167102 411
31222 411 3181806
31223 3167702 412
31224 412 3182406
31225 3168302 413
31226 413 3183006
31227 3168902 414
31228 414 3183606
31229 3169808 415
31230 415 3183904
31231 3170408 416
31232 416 3184504
31233 3171008 417
31234 417 3185104
31235 3171608 418
31236 418 3185704
31237 3172208 419
31238 419 3186304
31239 3172808 420
31240 420 3186904
31241 3173408 421
31242 421 3216304
31243 3174008 422
31244 422 3216904
31245 3174608 423
31246 423 3217504
31247 3175208 424
31248 424 3218104
31249 3175808 425
31250 425 3218704
31251 3176408 426
31252 426 3219304
31253 3176702 427
31254 427 3220206
31255 3177302 428
31256 428 3220806
31257 3177902 429
31258 429 3221406
31259 3178502 430
31260 430 3222006
31261 3179102 431
31262 431 3222606
31263 3179702 432
31264 432 3223206
31265 3180608 433
31266 433 3223504
31267 3181208 434
31268 434 3224104
31269 3181808 435
31270 435 3224704
31271 3182408 436
31272 436 3225304
31273 3183008 437
31274 437 3225904
31275 3183608 438
31276 438 3226504
31277 3183902 439
31278 439 3227406
31279 3184502 440
31280 440 3228006
31281 3185102 441
31282 441 3228606
31283 3185702 442
31284 442 3229206
31285 3186302 443
31286 443 3229806
31287 3186902 444
31288 444 3230406
31289 3216302 445
31290 445 3231006
31291 3216902 446
31292 446 3231606
31293 3217502 447
31294 447 3232206
31295 3218102 448
31296 448 3232806
31297 3218702 449
31298 449 3233406
31299 3219302 450
31300 450 3234006
31301 3220208 451
31302 451 3234304
31303 3220808 452
31304 452 3234904
31305 3221408 453
31306 453 3235504
31307 3222008 454
31308 454 3236104
31309 3222608 455
31310 455 3236704
31311 3223208 456
31312 456 3237304
31313 3223502 457
31314 457 3238206
31315 3224102 458
31316 458 3238806
31317 3224702 459
31318 459 3239406
31319 3225302 460
31320 460 3240006
31321 3225902 461
31322 461 3240606
31323 3226502 462
31324 462 3241206
31325 3227408 463
31326 463 3241504
31327 3228008 464
31328 464 3242104
31329 3228608 465
31330 465 3242704
31331 3229208 466
31332 466 3243304
31333 3229808 467
31334 467 3243904
31335 3230408 468
31336 468 3244504
31337 3231008 469
31338 469 3273904
31339 3231608 470
31340 470 3274504
31341 3232208 471
31342 471 3275104
31343 3232808 472
31344 472 3275704
31345 3233408 473
31346 473 3276304
31347 3234008 474
31348 474 3276904
31349 3234302 475
31350 475 3277806
31351 3234902 476
31352 476 3278406
31353 3235502 477
31354 477 3279006
31355 3236102 478
31356 478 3279606
31357 3236702 479
31358 479 3280206
31359 3237302 480
31360 480 3280806
31361 3238208 481
31362 481 3281104
31363 3238808 482
31364 482 3281704
31365 3239408 483
31366 483 3282304
31367 3240008 484
31368 484 3282904
31369 3240608 485
31370 485 3283504
31371 3241208 486
31372 486 3284104
31373 3241502 487
31374 487 3285006
31375 3242102 488
31376 488 3285606
31377 3242702 489
31378 489 3286206
31379 3243302 490
31380 490 3286806
31381 3243902 491
31382 491 3287406
31383 3244502 492
31384 492 3288006
31385 3302702 493
31386 493 3346206
31387 3303302 494
31388 494 3346806
31389 3303902 495
31390 495 3347406
31391 3304502 496
31392 496 3348006
31393 3305102 497
31394 497 3348606
31395 3305702 498
31396 498 3349206
31397 3306608 499
31398 499 3349504
31399 3307208 500
31400 500 3350104
31401 3307808 501
31402 501 3350704
31403 3308408 502
31404 502 3351304
31405 3309008 503
31406 503 3351904
31407 3309608 504
31408 504 3352504
31409 3309902 505
31410 505 3353406
31411 3310502 506
31412 506 3354006
31413 3311102 507
31414 507 3354606
31415 3311702 508
31416 508 3355206
31417 3312302 509
31418 509 3355806
31419 3312902 510
31420 510 3356406
31421 3313808 511
31422 511 3356704
31423 3314408 512
31424 512 3357304
31425 3315008 513
31426 513 3357904
31427 3315608 514
31428 514 3358504
31429 3316208 515
31430 515 3359104
31431 3316808 516
31432 516 3359704
31433 3346208 517
31434 517 3360304
31435 3346808 518
31436 518 3360904
31437 3347408 519
31438 519 3361504
31439 3348008 520
31440 520 3362104
31441 3348608 521
31442 521 3362704
31443 3349208 522
31444 522 3363304
31445 3349502 523
31446 523 3364206
31447 3350102 524
31448 524 3364806
31449 3350702 525
31450 525 3365406
31451 3351302 526
31452 526 3366006
31453 3351902 527
31454 527 3366606
31455 3352502 528
31456 528 3367206
31457 3353408 529
31458 529 3367504
31459 3354008 530
31460 530 3368104
31461 3354608 531
31462 531 3368704
31463 3355208 532
31464 532 3369304
31465 3355808 533
31466 533 3369904
31467 3356408 534
31468 534 3370504
31469 3356702 535
31470 535 3371406
31471 3357302 536
31472 536 3372006
31473 3357902 537
31474 537 3372606
31475 3358502 538
31476 538 3373206
31477 3359102 539
31478 539 3373806
31479 3359702 540
31480 540 3374406
31481 3360302 541
31482 541 3403806
31483 3360902 542
31484 542 3404406
31485 3361502 543
31486 543 3405006
31487 3362102 544
31488 544 3405606
31489 3362702 545
31490 545 3406206
31491 3363302 546
31492 546 3406806
31493 3364208 547
31494 547 3407104
31495 3364808 548
31496 548 3407704
31497 3365408 549
31498 549 3408304
31499 3366008 550
31500 550 3408904
31501 3366608 551
31502 551 3409504
31503 3367208 552
31504 552 3410104
31505 3367502 553
31506 553 3411006
31507 3368102 554
31508 554 3411606
31509 3368702 555
31510 555 3412206
31511 3369302 556
31512 556 3412806
31513 3369902 557
31514 557 3413406
31515 3370502 558
31516 558 3414006
31517 3371408 559
31518 559 3414304
31519 3372008 560
31520 560 3414904
31521 3372608 561
31522 561 3415504
31523 3373208 562
31524 562 3416104
31525 3373808 563
31526 563 3416704
31527 3374408 564
31528 564 3417304
31529 3403808 565
31530 565 3417904
31531 3404408 566
31532 566 3418504
31533 3405008 567
31534 567 3419104
31535 3405608 568
31536 568 3419704
31537 3406208 569
31538 569 3420304
31539 3406808 570
31540 570 3420904
31541 3407102 571
31542 571 3421806
31543 3407702 572
31544 572 3422406
31545 3408302 573
31546 573 3423006
31547 3408902 574
31548 574 3423606
31549 3409502 575
31550 575 3424206
31551 3410102 576
31552 576 3424806
31553 3411008 577
31554 577 3425104
31555 3411608 578
31556 578 3425704
31557 3412208 579
31558 579 3426304
31559 3412808 580
31560 580 3426904
31561 3413408 581
31562 581 3427504
31563 3414008 582
31564 582 3428104
31565 3414302 583
31566 583 3429006
31567 3414902 584
31568 584 3429606
31569 3415502 585
31570 585 3430206
31571 3416102 586
31572 586 3430806
31573 3416702 587
31574 587 3431406
31575 3417302 588
31576 588 3432006
31577 3417902 589
31578 589 3461406
31579 3418502 590
31580 590 3462006
31581 3419102 591
31582 591 3462606
31583 3419702 592
31584 592 3463206
31585 3420302 593
31586 593 3463806
31587 3420902 594
31588 594 3464406
31589 3421808 595
31590 595 3464704
31591 3422408 596
31592 596 3465304
31593 3423008 597
31594 597 3465904
31595 3423608 598
31596 598 3466504
31597 3424208 599
31598 599 3467104
31599 3424808 600
31600 600 3467704
31601 3425102 601
31602 601 3468606
31603 3425702 602
31604 602 3469206
31605 3426302 603
31606 603 3469806
31607 3426902 604
31608 604 3470406
31609 3427502 605
31610 605 3471006
31611 3428102 606
31612 606 3471606
31613 3429008 607
31614 607 3471904
31615 3429608 608
31616 608 3472504
31617 3430208 609
31618 609 3473104
31619 3430808 610
31620 610 3473704
31621 3431408 611
31622 611 3474304
31623 3432008 612
31624 612 3474904
31625 3461408 613
31626 613 3475504
31627 3462008 614
31628 614 3476104
31629 3462608 615
31630 615 3476704
31631 3463208 616
31632 616 3477304
31633 3463808 617
31634 617 3477904
31635 3464408 618
31636 618 3478504
31637 3464702 619
31638 619 3479406
31639 3465302 620
31640 620 3480006
31641 3465902 621
31642 621 3480606
31643 3466502 622
31644 622 3481206
31645 3467102 623
31646 623 3481806
31647 3467702 624
31648 624 3482406
31649 3468608 625
31650 625 3482704
31651 3469208 626
31652 626 3483304
31653 3469808 627
31654 627 3483904
31655 3470408 628
31656 628 3484504
31657 3471008 629
31658 629 3485104
31659 3471608 630
31660 630 3485704
31661 3471902 631
31662 631 3486606
31663 3472502 632
31664 632 3487206
31665 3473102 633
31666 633 3487806
31667 3473702 634
31668 634 3488406
31669 3474302 635
31670 635 3489006
31671 3474902 636
31672 636 3489606
31673 3475502 637
31674 637 3519006
31675 3476102 638
31676 638 3519606
31677 3476702 639
31678 639 3520206
31679 3477302 640
31680 640 3520806
31681 3477902 641
31682 641 3521406
31683 3478502 642
31684 642 3522006
31685 3479408 643
31686 643 3522304
31687 3480008 644
31688 644 3522904
31689 3480608 645
31690 645 3523504
31691 3481208 646
31692 646 3524104
31693 3481808 647
31694 647 3524704
31695 3482408 648
31696 648 3525304
31697 3482702 649
31698 649 3526206
31699 3483302 650
31700 650 3526806
31701 3483902 651
31702 651 3527406
31703 3484502 652
31704 652 3528006
31705 3485102 653
31706 653 3528606
31707 3485702 654
31708 654 3529206
31709 3486608 655
31710 655 3529504
31711 3487208 656
31712 656 3530104
31713 3487808 657
31714 657 3530704
31715 3488408 658
31716 658 3531304
31717 3489008 659
31718 659 3531904
31719 3489608 660
31720 660 3532504
31721 3519008 661
31722 661 3533104
31723 3519608 662
31724 662 3533704
31725 3520208 663
31726 663 3534304
31727 3520808 664
31728 664 3534904
31729 3521408 665
31730 665 3535504
31731 3522008 666
31732 666 3536104
31733 3522302 667
31734 667 3537006
31735 3522902 668
31736 668 3537606
31737 3523502 669
31738 669 3538206
31739 3524102 670
31740 670 3538806
31741 3524702 671
31742 671 3539406
31743 3525302 672
31744 672 3540006
31745 3526208 673
31746 673 3540304
31747 3526808 674
31748 674 3540904
31749 3527408 675
31750 675 3541504
31751 3528008 676
31752 676 3542104
31753 3528608 677
31754 677 3542704
31755 3529208 678
31756 678 3543304
31757 3529502 679
31758 679 3544206
31759 3530102 680
31760 680 3544806
31761 3530702 681
31762 681 3545406
31763 3531302 682
31764 682 3546006
31765 3531902 683
31766 683 3546606
31767 3532502 684
31768 684 3547206
41001 4001 4003
41002 4002 4004
41003 4003 4005
41004 4004 4006
41005 4005 4007
41006 4006 4008
41007 4007 4009
41008 4008 4010
41009 4009 4011
41010 4010 4012
41011 4011 4013
41012 4012 4014
41013 4013 4015
41014 4014 4016
41015 4015 4017
41016 4016 4018
41017 4017 4019
41018 4018 4020
41019 4019 4021
41020 4020 4022
41021 4021 4023
41022 4022 4024
41023 4023 4025
41024 4024 4026
41025 4025 4027
41026 4026 4028
41027 4027 4029
41028 4028 4030
41029 4029 4031
41030 4030 4032
41031 4031 4033
41032 4032 4034
41033 4033 4035
41034 4034 4036
41035 4035 4037
41036 4036 4038
41037 4037 4039
41038 4038 4040
41039 4039 4041
41040 4040 4042
41041 4041 4043
41042 4042 4044
41043 4043 4045
41044 4044 4046
41045 4045 4047
41046 4046 4048
41047 4047 4049
41048 4048 4050
41049 4049 4051
41050 4050 4052
41051 4051 4053
41052 4052 4054
41053 4053 4055
41054 4054 4056
41055 4055 4057
41056 4056 4058
41057 4057 4059
41058 4058 4060
41059 4059 4061
41060 4060 4062
41061 4061 4063
41062 4062 4064
41063 4063 4065
41064 4064 4066
41065 4065 4067
41066 4066 4068
41067 4067 4069
41068 4068 4070
41069 4069 4071
41070 4070 4072
41071 4071 4073
41072 4072 4074
41073 4073 4075
41074 4074 4076
41075 4075 4077
41076 4076 4078
41077 4077 4079
41078 4078 4080
41079 4079 4081
41080 4080 4082
41081 4081 4083
41082 4082 4084
41083 4083 4085
41084 4084 4086
41085 4085 4087
41086 4086 4088
41087 4087 4089
41088 4088 4090
41089 4089 4091
41090 4090 4092
41091 4091 4093
41092 4092 4094
41093 4093 4095
41094 4094 4096
41095 4095 4097
41096 4096 4098
41097 4097 4099
41098 4098 4100
41099 4099 4101
41100 4100 4102
41101 4101 4103
41102 4102 4104
41103 4103 4105
41104 4104 4106
41105 4105 4107
41106 4106 4108
41107 4107 4109
41108 4108 4110
41109 4109 4111
41110 4110 4112
41111 4111 4113
41112 4112 4114
41113 4113 4115
41114 4114 4116
41115 4115 4117
41116 4116 4118
41117 4117 4119
41118 4118 4120
41119 4119 4121
41120 4120 4122
41121 4121 4123
41122 4122 4124
41123 4123 4125
41124 4124 4126
41125 4125 4127
41126 4126 4128
41127 4127 4129
41128 4128 4130
41129 4129 4131
41130 4130 4132
41131 4131 4133
41132 4132 4134
41133 4133 4135
41134 4134 4136
41135 4135 4137
41136 4136 4138
41137 4137 4139
41138 4138 4140
41139 4139 4141
41140 4140 4142
41141 4141 4143
41142 4142 4144
41143 4143 4145
41144 4144 4146
41145 4145 4147
41146 4146 4148
41147 4147 4149
41148 4148 4150
41149 4149 4151
41150 4150 4152
41151 4151 4153
41152 4152 4154
41153 4153 4155
41154 4154 4156
41155 4155 4157
41156 4156 4158
41157 4157 4159
41158 4158 4160
41159 4159 4161
41160 4160 4162
42001 4003003 4004007
42002 4007003 4008007
42003 4013003 4014007
42004 4019003 4020007
42005 4025003 4026007
42006 4033003 4034007
42007 4039003 4040007
42008 4041003 4042007
42009 4049003 4050007
42010 4057003 4058007
42011 4063003 4064007
42012 4069003 4070007
42013 4073003 4074007
42014 4079003 4080007
42015 4083003 4084007
42016 4089003 4090007
42017 4093003 4094007
42018 4099003 4100007
42019 4105003 4106007
42020 4113003 4114007
42021 4121003 4122007
42022 4123003 4124007
42023 4129003 4130007
42024 4137003 4138007
42025 4143003 4144007
42026 4149003 4150007
42027 4155003 4156007
42028 4159003 4160007
43001 4007002 4014006
43002 4039002 4042006
43003 4069002 4074006
43004 4093002 4090006
43005 4123002 4122006
43006 4155002 4150006
