10060 7.450788249999999 1e-9 1e-9
10061 7.450788249999999 1e-9 1e-9
10084 7.450788249999999 1e-9 1e-9
10085 7.450788249999999 1e-9 1e-9
10097 1.31938875 1e-9 1e-9
10098 1.31938875 1e-9 1e-9
10099 1.31938875 1e-9 1e-9
10100 1.31938875 1e-9 1e-9
10101 1.31938875 1e-9 1e-9
10102 1.31938875 1e-9 1e-9
10103 1.31938875 1e-9 1e-9
10104 1.31938875 1e-9 1e-9
10105 1.31938875 1e-9 1e-9
10106 1.31938875 1e-9 1e-9
10107 1.31938875 1e-9 1e-9
10108 1.31938875 1e-9 1e-9
10109 1.31938875 1e-9 1e-9
10110 1.31938875 1e-9 1e-9
10111 1.31938875 1e-9 1e-9
10112 1.31938875 1e-9 1e-9
10113 1.31938875 1e-9 1e-9
10114 1.31938875 1e-9 1e-9
10115 1.31938875 1e-9 1e-9
10116 1.31938875 1e-9 1e-9
10117 1.31938875 1e-9 1e-9
10118 1.31938875 1e-9 1e-9
10119 1.31938875 1e-9 1e-9
10120 1.31938875 1e-9 1e-9
10121 1.31938875 1e-9 1e-9
10122 1.31938875 1e-9 1e-9
10123 1.31938875 1e-9 1e-9
10124 1.31938875 1e-9 1e-9
10125 1.31938875 1e-9 1e-9
10126 1.31938875 1e-9 1e-9
10127 1.31938875 1e-9 1e-9
10128 1.31938875 1e-9 1e-9
10129 1.31938875 1e-9 1e-9
10130 1.31938875 1e-9 1e-9
10131 1.31938875 1e-9 1e-9
10132 1.31938875 1e-9 1e-9
10133 1.31938875 1e-9 1e-9
10134 1.31938875 1e-9 1e-9
10135 1.31938875 1e-9 1e-9
10136 1.31938875 1e-9 1e-9
10137 1.31938875 1e-9 1e-9
10138 1.31938875 1e-9 1e-9
10139 1.31938875 1e-9 1e-9
10140 1.31938875 1e-9 1e-9
10141 1.31938875 1e-9 1e-9
10142 1.31938875 1e-9 1e-9
10143 1.31938875 1e-9 1e-9
10144 1.31938875 1e-9 1e-9
10145 968.209900630104 1e-9 1e-9
10146 972.650229580104 1e-9 1e-9
10147 972.650229580104 1e-9 1e-9
10148 972.650229580104 1e-9 1e-9
10149 972.650229580104 1e-9 1e-9
10150 972.650229580104 1e-9 1e-9
10151 972.650229580104 1e-9 1e-9
10152 972.650229580104 1e-9 1e-9
10153 972.650229580104 1e-9 1e-9
10154 972.650229580104 1e-9 1e-9
10155 972.650229580104 1e-9 1e-9
10156 968.209900630104 1e-9 1e-9
10157 968.209900630104 1e-9 1e-9
10158 972.650229580104 1e-9 1e-9
10159 972.650229580104 1e-9 1e-9
10160 972.650229580104 1e-9 1e-9
10161 972.650229580104 1e-9 1e-9
10162 972.650229580104 1e-9 1e-9
10163 972.650229580104 1e-9 1e-9
10164 972.650229580104 1e-9 1e-9
10165 972.650229580104 1e-9 1e-9
10166 972.650229580104 1e-9 1e-9
10167 972.650229580104 1e-9 1e-9
10168 968.209900630104 1e-9 1e-9
10169 968.209900630104 1e-9 1e-9
10170 972.650229580104 1e-9 1e-9
10171 972.650229580104 1e-9 1e-9
10172 972.650229580104 1e-9 1e-9
10173 972.650229580104 1e-9 1e-9
10174 972.650229580104 1e-9 1e-9
10175 972.650229580104 1e-9 1e-9
10176 972.650229580104 1e-9 1e-9
10177 972.650229580104 1e-9 1e-9
10178 972.650229580104 1e-9 1e-9
10179 972.650229580104 1e-9 1e-9
10180 968.209900630104 1e-9 1e-9
10181 968.209900630104 1e-9 1e-9
10182 972.650229580104 1e-9 1e-9
10183 972.650229580104 1e-9 1e-9
10184 972.650229580104 1e-9 1e-9
10185 972.650229580104 1e-9 1e-9
10186 972.650229580104 1e-9 1e-9
10187 972.650229580104 1e-9 1e-9
10188 972.650229580104 1e-9 1e-9
10189 972.650229580104 1e-9 1e-9
10190 972.650229580104 1e-9 1e-9
10191 972.650229580104 1e-9 1e-9
10192 968.209900630104 1e-9 1e-9
10193 37.85347872 1e-9 1e-9
10194 37.85347872 1e-9 1e-9
10195 37.85347872 1e-9 1e-9
10196 37.85347872 1e-9 1e-9
10197 37.85347872 1e-9 1e-9
10198 37.85347872 1e-9 1e-9
10199 37.85347872 1e-9 1e-9
10200 37.85347872 1e-9 1e-9
10201 37.85347872 1e-9 1e-9
10202 37.85347872 1e-9 1e-9
10203 37.85347872 1e-9 1e-9
10204 37.85347872 1e-9 1e-9
10205 37.85347872 1e-9 1e-9
10206 37.85347872 1e-9 1e-9
10207 37.85347872 1e-9 1e-9
10208 37.85347872 1e-9 1e-9
10209 37.85347872 1e-9 1e-9
10210 37.85347872 1e-9 1e-9
10211 37.85347872 1e-9 1e-9
10212 37.85347872 1e-9 1e-9
10213 37.85347872 1e-9 1e-9
10214 37.85347872 1e-9 1e-9
10215 37.85347872 1e-9 1e-9
10216 37.85347872 1e-9 1e-9
10217 37.85347872 1e-9 1e-9
10218 37.85347872 1e-9 1e-9
10219 37.85347872 1e-9 1e-9
10220 37.85347872 1e-9 1e-9
10221 37.85347872 1e-9 1e-9
10222 37.85347872 1e-9 1e-9
10223 37.85347872 1e-9 1e-9
10224 37.85347872 1e-9 1e-9
10225 37.85347872 1e-9 1e-9
10226 37.85347872 1e-9 1e-9
10227 37.85347872 1e-9 1e-9
10228 37.85347872 1e-9 1e-9
10229 37.85347872 1e-9 1e-9
10230 37.85347872 1e-9 1e-9
10231 37.85347872 1e-9 1e-9
10232 37.85347872 1e-9 1e-9
10233 37.85347872 1e-9 1e-9
10234 37.85347872 1e-9 1e-9
10235 37.85347872 1e-9 1e-9
10236 37.85347872 1e-9 1e-9
10237 37.85347872 1e-9 1e-9
10238 37.85347872 1e-9 1e-9
10239 37.85347872 1e-9 1e-9
10240 37.85347872 1e-9 1e-9
10252 7.450788249999999 1e-9 1e-9
10253 7.450788249999999 1e-9 1e-9
10276 7.450788249999999 1e-9 1e-9
10277 7.450788249999999 1e-9 1e-9
10289 1.31938875 1e-9 1e-9
10290 1.31938875 1e-9 1e-9
10291 1.31938875 1e-9 1e-9
10292 1.31938875 1e-9 1e-9
10293 1.31938875 1e-9 1e-9
10294 1.31938875 1e-9 1e-9
10295 1.31938875 1e-9 1e-9
10296 1.31938875 1e-9 1e-9
10297 1.31938875 1e-9 1e-9
10298 1.31938875 1e-9 1e-9
10299 1.31938875 1e-9 1e-9
10300 1.31938875 1e-9 1e-9
10301 1.31938875 1e-9 1e-9
10302 1.31938875 1e-9 1e-9
10303 1.31938875 1e-9 1e-9
10304 1.31938875 1e-9 1e-9
10305 1.31938875 1e-9 1e-9
10306 1.31938875 1e-9 1e-9
10307 1.31938875 1e-9 1e-9
10308 1.31938875 1e-9 1e-9
10309 1.31938875 1e-9 1e-9
10310 1.31938875 1e-9 1e-9
10311 1.31938875 1e-9 1e-9
10312 1.31938875 1e-9 1e-9
10313 1.31938875 1e-9 1e-9
10314 1.31938875 1e-9 1e-9
10315 1.31938875 1e-9 1e-9
10316 1.31938875 1e-9 1e-9
10317 1.31938875 1e-9 1e-9
10318 1.31938875 1e-9 1e-9
10319 1.31938875 1e-9 1e-9
10320 1.31938875 1e-9 1e-9
10321 1.31938875 1e-9 1e-9
10322 1.31938875 1e-9 1e-9
10323 1.31938875 1e-9 1e-9
10324 1.31938875 1e-9 1e-9
10325 1.31938875 1e-9 1e-9
10326 1.31938875 1e-9 1e-9
10327 1.31938875 1e-9 1e-9
10328 1.31938875 1e-9 1e-9
10329 1.31938875 1e-9 1e-9
10330 1.31938875 1e-9 1e-9
10331 1.31938875 1e-9 1e-9
10332 1.31938875 1e-9 1e-9
10333 1.31938875 1e-9 1e-9
10334 1.31938875 1e-9 1e-9
10335 1.31938875 1e-9 1e-9
10336 1.31938875 1e-9 1e-9
10337 968.209900630104 1e-9 1e-9
10338 972.650229580104 1e-9 1e-9
10339 972.650229580104 1e-9 1e-9
10340 972.650229580104 1e-9 1e-9
10341 972.650229580104 1e-9 1e-9
10342 972.650229580104 1e-9 1e-9
10343 972.650229580104 1e-9 1e-9
10344 972.650229580104 1e-9 1e-9
10345 972.650229580104 1e-9 1e-9
10346 972.650229580104 1e-9 1e-9
10347 972.650229580104 1e-9 1e-9
10348 968.209900630104 1e-9 1e-9
10349 968.209900630104 1e-9 1e-9
10350 972.650229580104 1e-9 1e-9
10351 972.650229580104 1e-9 1e-9
10352 972.650229580104 1e-9 1e-9
10353 972.650229580104 1e-9 1e-9
10354 972.650229580104 1e-9 1e-9
10355 972.650229580104 1e-9 1e-9
10356 972.650229580104 1e-9 1e-9
10357 972.650229580104 1e-9 1e-9
10358 972.650229580104 1e-9 1e-9
10359 972.650229580104 1e-9 1e-9
10360 968.209900630104 1e-9 1e-9
10361 968.209900630104 1e-9 1e-9
10362 972.650229580104 1e-9 1e-9
10363 972.650229580104 1e-9 1e-9
10364 972.650229580104 1e-9 1e-9
10365 972.650229580104 1e-9 1e-9
10366 972.650229580104 1e-9 1e-9
10367 972.650229580104 1e-9 1e-9
10368 972.650229580104 1e-9 1e-9
10369 972.650229580104 1e-9 1e-9
10370 972.650229580104 1e-9 1e-9
10371 972.650229580104 1e-9 1e-9
10372 968.209900630104 1e-9 1e-9
10373 968.209900630104 1e-9 1e-9
10374 972.650229580104 1e-9 1e-9
10375 972.650229580104 1e-9 1e-9
10376 972.650229580104 1e-9 1e-9
10377 972.650229580104 1e-9 1e-9
10378 972.650229580104 1e-9 1e-9
10379 972.650229580104 1e-9 1e-9
10380 972.650229580104 1e-9 1e-9
10381 972.650229580104 1e-9 1e-9
10382 972.650229580104 1e-9 1e-9
10383 972.650229580104 1e-9 1e-9
10384 968.209900630104 1e-9 1e-9
10385 37.85347872 1e-9 1e-9
10386 37.85347872 1e-9 1e-9
10387 37.85347872 1e-9 1e-9
10388 37.85347872 1e-9 1e-9
10389 37.85347872 1e-9 1e-9
10390 37.85347872 1e-9 1e-9
10391 37.85347872 1e-9 1e-9
10392 37.85347872 1e-9 1e-9
10393 37.85347872 1e-9 1e-9
10394 37.85347872 1e-9 1e-9
10395 37.85347872 1e-9 1e-9
10396 37.85347872 1e-9 1e-9
10397 37.85347872 1e-9 1e-9
10398 37.85347872 1e-9 1e-9
10399 37.85347872 1e-9 1e-9
10400 37.85347872 1e-9 1e-9
10401 37.85347872 1e-9 1e-9
10402 37.85347872 1e-9 1e-9
10403 37.85347872 1e-9 1e-9
10404 37.85347872 1e-9 1e-9
10405 37.85347872 1e-9 1e-9
10406 37.85347872 1e-9 1e-9
10407 37.85347872 1e-9 1e-9
10408 37.85347872 1e-9 1e-9
10409 37.85347872 1e-9 1e-9
10410 37.85347872 1e-9 1e-9
10411 37.85347872 1e-9 1e-9
10412 37.85347872 1e-9 1e-9
10413 37.85347872 1e-9 1e-9
10414 37.85347872 1e-9 1e-9
10415 37.85347872 1e-9 1e-9
10416 37.85347872 1e-9 1e-9
10417 37.85347872 1e-9 1e-9
10418 37.85347872 1e-9 1e-9
10419 37.85347872 1e-9 1e-9
10420 37.85347872 1e-9 1e-9
10421 37.85347872 1e-9 1e-9
10422 37.85347872 1e-9 1e-9
10423 37.85347872 1e-9 1e-9
10424 37.85347872 1e-9 1e-9
10425 37.85347872 1e-9 1e-9
10426 37.85347872 1e-9 1e-9
10427 37.85347872 1e-9 1e-9
10428 37.85347872 1e-9 1e-9
10429 37.85347872 1e-9 1e-9
10430 37.85347872 1e-9 1e-9
10431 37.85347872 1e-9 1e-9
10432 37.85347872 1e-9 1e-9
10444 7.450788249999999 1e-9 1e-9
10445 7.450788249999999 1e-9 1e-9
10468 7.450788249999999 1e-9 1e-9
10469 7.450788249999999 1e-9 1e-9
10481 775.4836057547448 1e-9 1e-9
10482 779.9239347047447 1e-9 1e-9
10483 779.9239347047447 1e-9 1e-9
10484 779.9239347047447 1e-9 1e-9
10485 779.9239347047447 1e-9 1e-9
10486 779.9239347047447 1e-9 1e-9
10487 779.9239347047447 1e-9 1e-9
10488 779.9239347047447 1e-9 1e-9
10489 779.9239347047447 1e-9 1e-9
10490 779.9239347047447 1e-9 1e-9
10491 779.9239347047447 1e-9 1e-9
10492 775.4836057547448 1e-9 1e-9
10493 775.4836057547448 1e-9 1e-9
10494 779.9239347047447 1e-9 1e-9
10495 779.9239347047447 1e-9 1e-9
10496 779.9239347047447 1e-9 1e-9
10497 779.9239347047447 1e-9 1e-9
10498 779.9239347047447 1e-9 1e-9
10499 779.9239347047447 1e-9 1e-9
10500 779.9239347047447 1e-9 1e-9
10501 779.9239347047447 1e-9 1e-9
10502 779.9239347047447 1e-9 1e-9
10503 779.9239347047447 1e-9 1e-9
10504 775.4836057547448 1e-9 1e-9
10505 775.4836057547448 1e-9 1e-9
10506 779.9239347047447 1e-9 1e-9
10507 779.9239347047447 1e-9 1e-9
10508 779.9239347047447 1e-9 1e-9
10509 779.9239347047447 1e-9 1e-9
10510 779.9239347047447 1e-9 1e-9
10511 779.9239347047447 1e-9 1e-9
10512 779.9239347047447 1e-9 1e-9
10513 779.9239347047447 1e-9 1e-9
10514 779.9239347047447 1e-9 1e-9
10515 779.9239347047447 1e-9 1e-9
10516 775.4836057547448 1e-9 1e-9
10517 775.4836057547448 1e-9 1e-9
10518 779.9239347047447 1e-9 1e-9
10519 779.9239347047447 1e-9 1e-9
10520 779.9239347047447 1e-9 1e-9
10521 779.9239347047447 1e-9 1e-9
10522 779.9239347047447 1e-9 1e-9
10523 779.9239347047447 1e-9 1e-9
10524 779.9239347047447 1e-9 1e-9
10525 779.9239347047447 1e-9 1e-9
10526 779.9239347047447 1e-9 1e-9
10527 779.9239347047447 1e-9 1e-9
10528 775.4836057547448 1e-9 1e-9
10529 1.31938875 1e-9 1e-9
10530 1.31938875 1e-9 1e-9
10531 1.31938875 1e-9 1e-9
10532 1.31938875 1e-9 1e-9
10533 1.31938875 1e-9 1e-9
10534 1.31938875 1e-9 1e-9
10535 1.31938875 1e-9 1e-9
10536 1.31938875 1e-9 1e-9
10537 1.31938875 1e-9 1e-9
10538 1.31938875 1e-9 1e-9
10539 1.31938875 1e-9 1e-9
10540 1.31938875 1e-9 1e-9
10541 1.31938875 1e-9 1e-9
10542 1.31938875 1e-9 1e-9
10543 1.31938875 1e-9 1e-9
10544 1.31938875 1e-9 1e-9
10545 1.31938875 1e-9 1e-9
10546 1.31938875 1e-9 1e-9
10547 1.31938875 1e-9 1e-9
10548 1.31938875 1e-9 1e-9
10549 1.31938875 1e-9 1e-9
10550 1.31938875 1e-9 1e-9
10551 1.31938875 1e-9 1e-9
10552 1.31938875 1e-9 1e-9
10553 1.31938875 1e-9 1e-9
10554 1.31938875 1e-9 1e-9
10555 1.31938875 1e-9 1e-9
10556 1.31938875 1e-9 1e-9
10557 1.31938875 1e-9 1e-9
10558 1.31938875 1e-9 1e-9
10559 1.31938875 1e-9 1e-9
10560 1.31938875 1e-9 1e-9
10561 1.31938875 1e-9 1e-9
10562 1.31938875 1e-9 1e-9
10563 1.31938875 1e-9 1e-9
10564 1.31938875 1e-9 1e-9
10565 1.31938875 1e-9 1e-9
10566 1.31938875 1e-9 1e-9
10567 1.31938875 1e-9 1e-9
10568 1.31938875 1e-9 1e-9
10569 1.31938875 1e-9 1e-9
10570 1.31938875 1e-9 1e-9
10571 1.31938875 1e-9 1e-9
10572 1.31938875 1e-9 1e-9
10573 1.31938875 1e-9 1e-9
10574 1.31938875 1e-9 1e-9
10575 1.31938875 1e-9 1e-9
10576 1.31938875 1e-9 1e-9
10577 37.85347872 1e-9 1e-9
10578 37.85347872 1e-9 1e-9
10579 37.85347872 1e-9 1e-9
10580 37.85347872 1e-9 1e-9
10581 37.85347872 1e-9 1e-9
10582 37.85347872 1e-9 1e-9
10583 37.85347872 1e-9 1e-9
10584 37.85347872 1e-9 1e-9
10585 37.85347872 1e-9 1e-9
10586 37.85347872 1e-9 1e-9
10587 37.85347872 1e-9 1e-9
10588 37.85347872 1e-9 1e-9
10589 37.85347872 1e-9 1e-9
10590 37.85347872 1e-9 1e-9
10591 37.85347872 1e-9 1e-9
10592 37.85347872 1e-9 1e-9
10593 37.85347872 1e-9 1e-9
10594 37.85347872 1e-9 1e-9
10595 37.85347872 1e-9 1e-9
10596 37.85347872 1e-9 1e-9
10597 37.85347872 1e-9 1e-9
10598 37.85347872 1e-9 1e-9
10599 37.85347872 1e-9 1e-9
10600 37.85347872 1e-9 1e-9
10601 37.85347872 1e-9 1e-9
10602 37.85347872 1e-9 1e-9
10603 37.85347872 1e-9 1e-9
10604 37.85347872 1e-9 1e-9
10605 37.85347872 1e-9 1e-9
10606 37.85347872 1e-9 1e-9
10607 37.85347872 1e-9 1e-9
10608 37.85347872 1e-9 1e-9
10609 37.85347872 1e-9 1e-9
10610 37.85347872 1e-9 1e-9
10611 37.85347872 1e-9 1e-9
10612 37.85347872 1e-9 1e-9
10613 37.85347872 1e-9 1e-9
10614 37.85347872 1e-9 1e-9
10615 37.85347872 1e-9 1e-9
10616 37.85347872 1e-9 1e-9
10617 37.85347872 1e-9 1e-9
10618 37.85347872 1e-9 1e-9
10619 37.85347872 1e-9 1e-9
10620 37.85347872 1e-9 1e-9
10621 37.85347872 1e-9 1e-9
10622 37.85347872 1e-9 1e-9
10623 37.85347872 1e-9 1e-9
10624 37.85347872 1e-9 1e-9
10636 7.450788249999999 1e-9 1e-9
10637 7.450788249999999 1e-9 1e-9
10660 7.450788249999999 1e-9 1e-9
10661 7.450788249999999 1e-9 1e-9
10673 775.4836057547448 1e-9 1e-9
10674 779.9239347047447 1e-9 1e-9
10675 779.9239347047447 1e-9 1e-9
10676 779.9239347047447 1e-9 1e-9
10677 779.9239347047447 1e-9 1e-9
10678 779.9239347047447 1e-9 1e-9
10679 779.9239347047447 1e-9 1e-9
10680 779.9239347047447 1e-9 1e-9
10681 779.9239347047447 1e-9 1e-9
10682 779.9239347047447 1e-9 1e-9
10683 779.9239347047447 1e-9 1e-9
10684 775.4836057547448 1e-9 1e-9
10685 775.4836057547448 1e-9 1e-9
10686 779.9239347047447 1e-9 1e-9
10687 779.9239347047447 1e-9 1e-9
10688 779.9239347047447 1e-9 1e-9
10689 779.9239347047447 1e-9 1e-9
10690 779.9239347047447 1e-9 1e-9
10691 779.9239347047447 1e-9 1e-9
10692 779.9239347047447 1e-9 1e-9
10693 779.9239347047447 1e-9 1e-9
10694 779.9239347047447 1e-9 1e-9
10695 779.9239347047447 1e-9 1e-9
10696 775.4836057547448 1e-9 1e-9
10697 775.4836057547448 1e-9 1e-9
10698 779.9239347047447 1e-9 1e-9
10699 779.9239347047447 1e-9 1e-9
10700 779.9239347047447 1e-9 1e-9
10701 779.9239347047447 1e-9 1e-9
10702 779.9239347047447 1e-9 1e-9
10703 779.9239347047447 1e-9 1e-9
10704 779.9239347047447 1e-9 1e-9
10705 779.9239347047447 1e-9 1e-9
10706 779.9239347047447 1e-9 1e-9
10707 779.9239347047447 1e-9 1e-9
10708 775.4836057547448 1e-9 1e-9
10709 775.4836057547448 1e-9 1e-9
10710 779.9239347047447 1e-9 1e-9
10711 779.9239347047447 1e-9 1e-9
10712 779.9239347047447 1e-9 1e-9
10713 779.9239347047447 1e-9 1e-9
10714 779.9239347047447 1e-9 1e-9
10715 779.9239347047447 1e-9 1e-9
10716 779.9239347047447 1e-9 1e-9
10717 779.9239347047447 1e-9 1e-9
10718 779.9239347047447 1e-9 1e-9
10719 779.9239347047447 1e-9 1e-9
10720 775.4836057547448 1e-9 1e-9
10721 1.31938875 1e-9 1e-9
10722 1.31938875 1e-9 1e-9
10723 1.31938875 1e-9 1e-9
10724 1.31938875 1e-9 1e-9
10725 1.31938875 1e-9 1e-9
10726 1.31938875 1e-9 1e-9
10727 1.31938875 1e-9 1e-9
10728 1.31938875 1e-9 1e-9
10729 1.31938875 1e-9 1e-9
10730 1.31938875 1e-9 1e-9
10731 1.31938875 1e-9 1e-9
10732 1.31938875 1e-9 1e-9
10733 1.31938875 1e-9 1e-9
10734 1.31938875 1e-9 1e-9
10735 1.31938875 1e-9 1e-9
10736 1.31938875 1e-9 1e-9
10737 1.31938875 1e-9 1e-9
10738 1.31938875 1e-9 1e-9
10739 1.31938875 1e-9 1e-9
10740 1.31938875 1e-9 1e-9
10741 1.31938875 1e-9 1e-9
10742 1.31938875 1e-9 1e-9
10743 1.31938875 1e-9 1e-9
10744 1.31938875 1e-9 1e-9
10745 1.31938875 1e-9 1e-9
10746 1.31938875 1e-9 1e-9
10747 1.31938875 1e-9 1e-9
10748 1.31938875 1e-9 1e-9
10749 1.31938875 1e-9 1e-9
10750 1.31938875 1e-9 1e-9
10751 1.31938875 1e-9 1e-9
10752 1.31938875 1e-9 1e-9
10753 1.31938875 1e-9 1e-9
10754 1.31938875 1e-9 1e-9
10755 1.31938875 1e-9 1e-9
10756 1.31938875 1e-9 1e-9
10757 1.31938875 1e-9 1e-9
10758 1.31938875 1e-9 1e-9
10759 1.31938875 1e-9 1e-9
10760 1.31938875 1e-9 1e-9
10761 1.31938875 1e-9 1e-9
10762 1.31938875 1e-9 1e-9
10763 1.31938875 1e-9 1e-9
10764 1.31938875 1e-9 1e-9
10765 1.31938875 1e-9 1e-9
10766 1.31938875 1e-9 1e-9
10767 1.31938875 1e-9 1e-9
10768 1.31938875 1e-9 1e-9
10769 37.85347872 1e-9 1e-9
10770 37.85347872 1e-9 1e-9
10771 37.85347872 1e-9 1e-9
10772 37.85347872 1e-9 1e-9
10773 37.85347872 1e-9 1e-9
10774 37.85347872 1e-9 1e-9
10775 37.85347872 1e-9 1e-9
10776 37.85347872 1e-9 1e-9
10777 37.85347872 1e-9 1e-9
10778 37.85347872 1e-9 1e-9
10779 37.85347872 1e-9 1e-9
10780 37.85347872 1e-9 1e-9
10781 37.85347872 1e-9 1e-9
10782 37.85347872 1e-9 1e-9
10783 37.85347872 1e-9 1e-9
10784 37.85347872 1e-9 1e-9
10785 37.85347872 1e-9 1e-9
10786 37.85347872 1e-9 1e-9
10787 37.85347872 1e-9 1e-9
10788 37.85347872 1e-9 1e-9
10789 37.85347872 1e-9 1e-9
10790 37.85347872 1e-9 1e-9
10791 37.85347872 1e-9 1e-9
10792 37.85347872 1e-9 1e-9
10793 37.85347872 1e-9 1e-9
10794 37.85347872 1e-9 1e-9
10795 37.85347872 1e-9 1e-9
10796 37.85347872 1e-9 1e-9
10797 37.85347872 1e-9 1e-9
10798 37.85347872 1e-9 1e-9
10799 37.85347872 1e-9 1e-9
10800 37.85347872 1e-9 1e-9
10801 37.85347872 1e-9 1e-9
10802 37.85347872 1e-9 1e-9
10803 37.85347872 1e-9 1e-9
10804 37.85347872 1e-9 1e-9
10805 37.85347872 1e-9 1e-9
10806 37.85347872 1e-9 1e-9
10807 37.85347872 1e-9 1e-9
10808 37.85347872 1e-9 1e-9
10809 37.85347872 1e-9 1e-9
10810 37.85347872 1e-9 1e-9
10811 37.85347872 1e-9 1e-9
10812 37.85347872 1e-9 1e-9
10813 37.85347872 1e-9 1e-9
10814 37.85347872 1e-9 1e-9
10815 37.85347872 1e-9 1e-9
10816 37.85347872 1e-9 1e-9
10828 7.450788249999999 1e-9 1e-9
10829 7.450788249999999 1e-9 1e-9
10852 7.450788249999999 1e-9 1e-9
10853 7.450788249999999 1e-9 1e-9
10865 775.4836057547448 1e-9 1e-9
10866 779.9239347047447 1e-9 1e-9
10867 779.9239347047447 1e-9 1e-9
10868 779.9239347047447 1e-9 1e-9
10869 779.9239347047447 1e-9 1e-9
10870 779.9239347047447 1e-9 1e-9
10871 779.9239347047447 1e-9 1e-9
10872 779.9239347047447 1e-9 1e-9
10873 779.9239347047447 1e-9 1e-9
10874 779.9239347047447 1e-9 1e-9
10875 779.9239347047447 1e-9 1e-9
10876 775.4836057547448 1e-9 1e-9
10877 775.4836057547448 1e-9 1e-9
10878 779.9239347047447 1e-9 1e-9
10879 779.9239347047447 1e-9 1e-9
10880 779.9239347047447 1e-9 1e-9
10881 779.9239347047447 1e-9 1e-9
10882 779.9239347047447 1e-9 1e-9
10883 779.9239347047447 1e-9 1e-9
10884 779.9239347047447 1e-9 1e-9
10885 779.9239347047447 1e-9 1e-9
10886 779.9239347047447 1e-9 1e-9
10887 779.9239347047447 1e-9 1e-9
10888 775.4836057547448 1e-9 1e-9
10889 775.4836057547448 1e-9 1e-9
10890 779.9239347047447 1e-9 1e-9
10891 779.9239347047447 1e-9 1e-9
10892 779.9239347047447 1e-9 1e-9
10893 779.9239347047447 1e-9 1e-9
10894 779.9239347047447 1e-9 1e-9
10895 779.9239347047447 1e-9 1e-9
10896 779.9239347047447 1e-9 1e-9
10897 779.9239347047447 1e-9 1e-9
10898 779.9239347047447 1e-9 1e-9
10899 779.9239347047447 1e-9 1e-9
10900 775.4836057547448 1e-9 1e-9
10901 775.4836057547448 1e-9 1e-9
10902 779.9239347047447 1e-9 1e-9
10903 779.9239347047447 1e-9 1e-9
10904 779.9239347047447 1e-9 1e-9
10905 779.9239347047447 1e-9 1e-9
10906 779.9239347047447 1e-9 1e-9
10907 779.9239347047447 1e-9 1e-9
10908 779.9239347047447 1e-9 1e-9
10909 779.9239347047447 1e-9 1e-9
10910 779.9239347047447 1e-9 1e-9
10911 779.9239347047447 1e-9 1e-9
10912 775.4836057547448 1e-9 1e-9
10913 1.31938875 1e-9 1e-9
10914 1.31938875 1e-9 1e-9
10915 1.31938875 1e-9 1e-9
10916 1.31938875 1e-9 1e-9
10917 1.31938875 1e-9 1e-9
10918 1.31938875 1e-9 1e-9
10919 1.31938875 1e-9 1e-9
10920 1.31938875 1e-9 1e-9
10921 1.31938875 1e-9 1e-9
10922 1.31938875 1e-9 1e-9
10923 1.31938875 1e-9 1e-9
10924 1.31938875 1e-9 1e-9
10925 1.31938875 1e-9 1e-9
10926 1.31938875 1e-9 1e-9
10927 1.31938875 1e-9 1e-9
10928 1.31938875 1e-9 1e-9
10929 1.31938875 1e-9 1e-9
10930 1.31938875 1e-9 1e-9
10931 1.31938875 1e-9 1e-9
10932 1.31938875 1e-9 1e-9
10933 1.31938875 1e-9 1e-9
10934 1.31938875 1e-9 1e-9
10935 1.31938875 1e-9 1e-9
10936 1.31938875 1e-9 1e-9
10937 1.31938875 1e-9 1e-9
10938 1.31938875 1e-9 1e-9
10939 1.31938875 1e-9 1e-9
10940 1.31938875 1e-9 1e-9
10941 1.31938875 1e-9 1e-9
10942 1.31938875 1e-9 1e-9
10943 1.31938875 1e-9 1e-9
10944 1.31938875 1e-9 1e-9
10945 1.31938875 1e-9 1e-9
10946 1.31938875 1e-9 1e-9
10947 1.31938875 1e-9 1e-9
10948 1.31938875 1e-9 1e-9
10949 1.31938875 1e-9 1e-9
10950 1.31938875 1e-9 1e-9
10951 1.31938875 1e-9 1e-9
10952 1.31938875 1e-9 1e-9
10953 1.31938875 1e-9 1e-9
10954 1.31938875 1e-9 1e-9
10955 1.31938875 1e-9 1e-9
10956 1.31938875 1e-9 1e-9
10957 1.31938875 1e-9 1e-9
10958 1.31938875 1e-9 1e-9
10959 1.31938875 1e-9 1e-9
10960 1.31938875 1e-9 1e-9
11009 1.31938875 1e-9 1e-9
11010 1.31938875 1e-9 1e-9
11011 1.31938875 1e-9 1e-9
11012 1.31938875 1e-9 1e-9
11013 1.31938875 1e-9 1e-9
11014 1.31938875 1e-9 1e-9
11015 1.31938875 1e-9 1e-9
11016 1.31938875 1e-9 1e-9
11017 1.31938875 1e-9 1e-9
11018 1.31938875 1e-9 1e-9
11019 1.31938875 1e-9 1e-9
11020 1.31938875 1e-9 1e-9
11021 1.31938875 1e-9 1e-9
11022 1.31938875 1e-9 1e-9
11023 1.31938875 1e-9 1e-9
11024 1.31938875 1e-9 1e-9
11025 1.31938875 1e-9 1e-9
11026 1.31938875 1e-9 1e-9
11027 1.31938875 1e-9 1e-9
11028 1.31938875 1e-9 1e-9
11029 1.31938875 1e-9 1e-9
11030 1.31938875 1e-9 1e-9
11031 1.31938875 1e-9 1e-9
11032 1.31938875 1e-9 1e-9
11033 1.31938875 1e-9 1e-9
11034 1.31938875 1e-9 1e-9
11035 1.31938875 1e-9 1e-9
11036 1.31938875 1e-9 1e-9
11037 1.31938875 1e-9 1e-9
11038 1.31938875 1e-9 1e-9
11039 1.31938875 1e-9 1e-9
11040 1.31938875 1e-9 1e-9
11041 1.31938875 1e-9 1e-9
11042 1.31938875 1e-9 1e-9
11043 1.31938875 1e-9 1e-9
11044 1.31938875 1e-9 1e-9
11045 1.31938875 1e-9 1e-9
11046 1.31938875 1e-9 1e-9
11047 1.31938875 1e-9 1e-9
11048 1.31938875 1e-9 1e-9
11049 1.31938875 1e-9 1e-9
11050 1.31938875 1e-9 1e-9
11051 1.31938875 1e-9 1e-9
11052 1.31938875 1e-9 1e-9
11053 1.31938875 1e-9 1e-9
11054 1.31938875 1e-9 1e-9
11055 1.31938875 1e-9 1e-9
11056 1.31938875 1e-9 1e-9
11068 7.450788249999999 1e-9 1e-9
11069 7.450788249999999 1e-9 1e-9
11092 7.450788249999999 1e-9 1e-9
11093 7.450788249999999 1e-9 1e-9
11105 582.6997703363404 1e-9 1e-9
11106 587.1400992863404 1e-9 1e-9
11107 587.1400992863404 1e-9 1e-9
11108 587.1400992863404 1e-9 1e-9
11109 587.1400992863404 1e-9 1e-9
11110 587.1400992863404 1e-9 1e-9
11111 587.1400992863404 1e-9 1e-9
11112 587.1400992863404 1e-9 1e-9
11113 587.1400992863404 1e-9 1e-9
11114 587.1400992863404 1e-9 1e-9
11115 587.1400992863404 1e-9 1e-9
11116 582.6997703363404 1e-9 1e-9
11117 582.6997703363404 1e-9 1e-9
11118 587.1400992863404 1e-9 1e-9
11119 587.1400992863404 1e-9 1e-9
11120 587.1400992863404 1e-9 1e-9
11121 587.1400992863404 1e-9 1e-9
11122 587.1400992863404 1e-9 1e-9
11123 587.1400992863404 1e-9 1e-9
11124 587.1400992863404 1e-9 1e-9
11125 587.1400992863404 1e-9 1e-9
11126 587.1400992863404 1e-9 1e-9
11127 587.1400992863404 1e-9 1e-9
11128 582.6997703363404 1e-9 1e-9
11129 582.6997703363404 1e-9 1e-9
11130 587.1400992863404 1e-9 1e-9
11131 587.1400992863404 1e-9 1e-9
11132 587.1400992863404 1e-9 1e-9
11133 587.1400992863404 1e-9 1e-9
11134 587.1400992863404 1e-9 1e-9
11135 587.1400992863404 1e-9 1e-9
11136 587.1400992863404 1e-9 1e-9
11137 587.1400992863404 1e-9 1e-9
11138 587.1400992863404 1e-9 1e-9
11139 587.1400992863404 1e-9 1e-9
11140 582.6997703363404 1e-9 1e-9
11141 582.6997703363404 1e-9 1e-9
11142 587.1400992863404 1e-9 1e-9
11143 587.1400992863404 1e-9 1e-9
11144 587.1400992863404 1e-9 1e-9
11145 587.1400992863404 1e-9 1e-9
11146 587.1400992863404 1e-9 1e-9
11147 587.1400992863404 1e-9 1e-9
11148 587.1400992863404 1e-9 1e-9
11149 587.1400992863404 1e-9 1e-9
11150 587.1400992863404 1e-9 1e-9
11151 587.1400992863404 1e-9 1e-9
11152 582.6997703363404 1e-9 1e-9
11153 25.67544873 1e-9 1e-9
11154 25.67544873 1e-9 1e-9
11155 25.67544873 1e-9 1e-9
11156 25.67544873 1e-9 1e-9
11157 25.67544873 1e-9 1e-9
11158 25.67544873 1e-9 1e-9
11159 25.67544873 1e-9 1e-9
11160 25.67544873 1e-9 1e-9
11161 25.67544873 1e-9 1e-9
11162 25.67544873 1e-9 1e-9
11163 25.67544873 1e-9 1e-9
11164 25.67544873 1e-9 1e-9
11165 25.67544873 1e-9 1e-9
11166 25.67544873 1e-9 1e-9
11167 25.67544873 1e-9 1e-9
11168 25.67544873 1e-9 1e-9
11169 25.67544873 1e-9 1e-9
11170 25.67544873 1e-9 1e-9
11171 25.67544873 1e-9 1e-9
11172 25.67544873 1e-9 1e-9
11173 25.67544873 1e-9 1e-9
11174 25.67544873 1e-9 1e-9
11175 25.67544873 1e-9 1e-9
11176 25.67544873 1e-9 1e-9
11177 25.67544873 1e-9 1e-9
11178 25.67544873 1e-9 1e-9
11179 25.67544873 1e-9 1e-9
11180 25.67544873 1e-9 1e-9
11181 25.67544873 1e-9 1e-9
11182 25.67544873 1e-9 1e-9
11183 25.67544873 1e-9 1e-9
11184 25.67544873 1e-9 1e-9
11185 25.67544873 1e-9 1e-9
11186 25.67544873 1e-9 1e-9
11187 25.67544873 1e-9 1e-9
11188 25.67544873 1e-9 1e-9
11189 25.67544873 1e-9 1e-9
11190 25.67544873 1e-9 1e-9
11191 25.67544873 1e-9 1e-9
11192 25.67544873 1e-9 1e-9
11193 25.67544873 1e-9 1e-9
11194 25.67544873 1e-9 1e-9
11195 25.67544873 1e-9 1e-9
11196 25.67544873 1e-9 1e-9
11197 25.67544873 1e-9 1e-9
11198 25.67544873 1e-9 1e-9
11199 25.67544873 1e-9 1e-9
11200 25.67544873 1e-9 1e-9
11201 1.31938875 1e-9 1e-9
11202 1.31938875 1e-9 1e-9
11203 1.31938875 1e-9 1e-9
11204 1.31938875 1e-9 1e-9
11205 1.31938875 1e-9 1e-9
11206 1.31938875 1e-9 1e-9
11207 1.31938875 1e-9 1e-9
11208 1.31938875 1e-9 1e-9
11209 1.31938875 1e-9 1e-9
11210 1.31938875 1e-9 1e-9
11211 1.31938875 1e-9 1e-9
11212 1.31938875 1e-9 1e-9
11213 1.31938875 1e-9 1e-9
11214 1.31938875 1e-9 1e-9
11215 1.31938875 1e-9 1e-9
11216 1.31938875 1e-9 1e-9
11217 1.31938875 1e-9 1e-9
11218 1.31938875 1e-9 1e-9
11219 1.31938875 1e-9 1e-9
11220 1.31938875 1e-9 1e-9
11221 1.31938875 1e-9 1e-9
11222 1.31938875 1e-9 1e-9
11223 1.31938875 1e-9 1e-9
11224 1.31938875 1e-9 1e-9
11225 1.31938875 1e-9 1e-9
11226 1.31938875 1e-9 1e-9
11227 1.31938875 1e-9 1e-9
11228 1.31938875 1e-9 1e-9
11229 1.31938875 1e-9 1e-9
11230 1.31938875 1e-9 1e-9
11231 1.31938875 1e-9 1e-9
11232 1.31938875 1e-9 1e-9
11233 1.31938875 1e-9 1e-9
11234 1.31938875 1e-9 1e-9
11235 1.31938875 1e-9 1e-9
11236 1.31938875 1e-9 1e-9
11237 1.31938875 1e-9 1e-9
11238 1.31938875 1e-9 1e-9
11239 1.31938875 1e-9 1e-9
11240 1.31938875 1e-9 1e-9
11241 1.31938875 1e-9 1e-9
11242 1.31938875 1e-9 1e-9
11243 1.31938875 1e-9 1e-9
11244 1.31938875 1e-9 1e-9
11245 1.31938875 1e-9 1e-9
11246 1.31938875 1e-9 1e-9
11247 1.31938875 1e-9 1e-9
11248 1.31938875 1e-9 1e-9
11260 7.450788249999999 1e-9 1e-9
11261 7.450788249999999 1e-9 1e-9
11284 7.450788249999999 1e-9 1e-9
11285 7.450788249999999 1e-9 1e-9
11297 582.6997703363404 1e-9 1e-9
11298 587.1400992863404 1e-9 1e-9
11299 587.1400992863404 1e-9 1e-9
11300 587.1400992863404 1e-9 1e-9
11301 587.1400992863404 1e-9 1e-9
11302 587.1400992863404 1e-9 1e-9
11303 587.1400992863404 1e-9 1e-9
11304 587.1400992863404 1e-9 1e-9
11305 587.1400992863404 1e-9 1e-9
11306 587.1400992863404 1e-9 1e-9
11307 587.1400992863404 1e-9 1e-9
11308 582.6997703363404 1e-9 1e-9
11309 582.6997703363404 1e-9 1e-9
11310 587.1400992863404 1e-9 1e-9
11311 587.1400992863404 1e-9 1e-9
11312 587.1400992863404 1e-9 1e-9
11313 587.1400992863404 1e-9 1e-9
11314 587.1400992863404 1e-9 1e-9
11315 587.1400992863404 1e-9 1e-9
11316 587.1400992863404 1e-9 1e-9
11317 587.1400992863404 1e-9 1e-9
11318 587.1400992863404 1e-9 1e-9
11319 587.1400992863404 1e-9 1e-9
11320 582.6997703363404 1e-9 1e-9
11321 582.6997703363404 1e-9 1e-9
11322 587.1400992863404 1e-9 1e-9
11323 587.1400992863404 1e-9 1e-9
11324 587.1400992863404 1e-9 1e-9
11325 587.1400992863404 1e-9 1e-9
11326 587.1400992863404 1e-9 1e-9
11327 587.1400992863404 1e-9 1e-9
11328 587.1400992863404 1e-9 1e-9
11329 587.1400992863404 1e-9 1e-9
11330 587.1400992863404 1e-9 1e-9
11331 587.1400992863404 1e-9 1e-9
11332 582.6997703363404 1e-9 1e-9
11333 582.6997703363404 1e-9 1e-9
11334 587.1400992863404 1e-9 1e-9
11335 587.1400992863404 1e-9 1e-9
11336 587.1400992863404 1e-9 1e-9
11337 587.1400992863404 1e-9 1e-9
11338 587.1400992863404 1e-9 1e-9
11339 587.1400992863404 1e-9 1e-9
11340 587.1400992863404 1e-9 1e-9
11341 587.1400992863404 1e-9 1e-9
11342 587.1400992863404 1e-9 1e-9
11343 587.1400992863404 1e-9 1e-9
11344 582.6997703363404 1e-9 1e-9
11345 25.67544873 1e-9 1e-9
11346 25.67544873 1e-9 1e-9
11347 25.67544873 1e-9 1e-9
11348 25.67544873 1e-9 1e-9
11349 25.67544873 1e-9 1e-9
11350 25.67544873 1e-9 1e-9
11351 25.67544873 1e-9 1e-9
11352 25.67544873 1e-9 1e-9
11353 25.67544873 1e-9 1e-9
11354 25.67544873 1e-9 1e-9
11355 25.67544873 1e-9 1e-9
11356 25.67544873 1e-9 1e-9
11357 25.67544873 1e-9 1e-9
11358 25.67544873 1e-9 1e-9
11359 25.67544873 1e-9 1e-9
11360 25.67544873 1e-9 1e-9
11361 25.67544873 1e-9 1e-9
11362 25.67544873 1e-9 1e-9
11363 25.67544873 1e-9 1e-9
11364 25.67544873 1e-9 1e-9
11365 25.67544873 1e-9 1e-9
11366 25.67544873 1e-9 1e-9
11367 25.67544873 1e-9 1e-9
11368 25.67544873 1e-9 1e-9
11369 25.67544873 1e-9 1e-9
11370 25.67544873 1e-9 1e-9
11371 25.67544873 1e-9 1e-9
11372 25.67544873 1e-9 1e-9
11373 25.67544873 1e-9 1e-9
11374 25.67544873 1e-9 1e-9
11375 25.67544873 1e-9 1e-9
11376 25.67544873 1e-9 1e-9
11377 25.67544873 1e-9 1e-9
11378 25.67544873 1e-9 1e-9
11379 25.67544873 1e-9 1e-9
11380 25.67544873 1e-9 1e-9
11381 25.67544873 1e-9 1e-9
11382 25.67544873 1e-9 1e-9
11383 25.67544873 1e-9 1e-9
11384 25.67544873 1e-9 1e-9
11385 25.67544873 1e-9 1e-9
11386 25.67544873 1e-9 1e-9
11387 25.67544873 1e-9 1e-9
11388 25.67544873 1e-9 1e-9
11389 25.67544873 1e-9 1e-9
11390 25.67544873 1e-9 1e-9
11391 25.67544873 1e-9 1e-9
11392 25.67544873 1e-9 1e-9
11393 1.31938875 1e-9 1e-9
11394 1.31938875 1e-9 1e-9
11395 1.31938875 1e-9 1e-9
11396 1.31938875 1e-9 1e-9
11397 1.31938875 1e-9 1e-9
11398 1.31938875 1e-9 1e-9
11399 1.31938875 1e-9 1e-9
11400 1.31938875 1e-9 1e-9
11401 1.31938875 1e-9 1e-9
11402 1.31938875 1e-9 1e-9
11403 1.31938875 1e-9 1e-9
11404 1.31938875 1e-9 1e-9
11405 1.31938875 1e-9 1e-9
11406 1.31938875 1e-9 1e-9
11407 1.31938875 1e-9 1e-9
11408 1.31938875 1e-9 1e-9
11409 1.31938875 1e-9 1e-9
11410 1.31938875 1e-9 1e-9
11411 1.31938875 1e-9 1e-9
11412 1.31938875 1e-9 1e-9
11413 1.31938875 1e-9 1e-9
11414 1.31938875 1e-9 1e-9
11415 1.31938875 1e-9 1e-9
11416 1.31938875 1e-9 1e-9
11417 1.31938875 1e-9 1e-9
11418 1.31938875 1e-9 1e-9
11419 1.31938875 1e-9 1e-9
11420 1.31938875 1e-9 1e-9
11421 1.31938875 1e-9 1e-9
11422 1.31938875 1e-9 1e-9
11423 1.31938875 1e-9 1e-9
11424 1.31938875 1e-9 1e-9
11425 1.31938875 1e-9 1e-9
11426 1.31938875 1e-9 1e-9
11427 1.31938875 1e-9 1e-9
11428 1.31938875 1e-9 1e-9
11429 1.31938875 1e-9 1e-9
11430 1.31938875 1e-9 1e-9
11431 1.31938875 1e-9 1e-9
11432 1.31938875 1e-9 1e-9
11433 1.31938875 1e-9 1e-9
11434 1.31938875 1e-9 1e-9
11435 1.31938875 1e-9 1e-9
11436 1.31938875 1e-9 1e-9
11437 1.31938875 1e-9 1e-9
11438 1.31938875 1e-9 1e-9
11439 1.31938875 1e-9 1e-9
11440 1.31938875 1e-9 1e-9
11452 7.450788249999999 1e-9 1e-9
11453 7.450788249999999 1e-9 1e-9
11476 7.450788249999999 1e-9 1e-9
11477 7.450788249999999 1e-9 1e-9
11489 582.6997703363404 1e-9 1e-9
11490 587.1400992863404 1e-9 1e-9
11491 587.1400992863404 1e-9 1e-9
11492 587.1400992863404 1e-9 1e-9
11493 587.1400992863404 1e-9 1e-9
11494 587.1400992863404 1e-9 1e-9
11495 587.1400992863404 1e-9 1e-9
11496 587.1400992863404 1e-9 1e-9
11497 587.1400992863404 1e-9 1e-9
11498 587.1400992863404 1e-9 1e-9
11499 587.1400992863404 1e-9 1e-9
11500 582.6997703363404 1e-9 1e-9
11501 582.6997703363404 1e-9 1e-9
11502 587.1400992863404 1e-9 1e-9
11503 587.1400992863404 1e-9 1e-9
11504 587.1400992863404 1e-9 1e-9
11505 587.1400992863404 1e-9 1e-9
11506 587.1400992863404 1e-9 1e-9
11507 587.1400992863404 1e-9 1e-9
11508 587.1400992863404 1e-9 1e-9
11509 587.1400992863404 1e-9 1e-9
11510 587.1400992863404 1e-9 1e-9
11511 587.1400992863404 1e-9 1e-9
11512 582.6997703363404 1e-9 1e-9
11513 582.6997703363404 1e-9 1e-9
11514 587.1400992863404 1e-9 1e-9
11515 587.1400992863404 1e-9 1e-9
11516 587.1400992863404 1e-9 1e-9
11517 587.1400992863404 1e-9 1e-9
11518 587.1400992863404 1e-9 1e-9
11519 587.1400992863404 1e-9 1e-9
11520 587.1400992863404 1e-9 1e-9
11521 587.1400992863404 1e-9 1e-9
11522 587.1400992863404 1e-9 1e-9
11523 587.1400992863404 1e-9 1e-9
11524 582.6997703363404 1e-9 1e-9
11525 582.6997703363404 1e-9 1e-9
11526 587.1400992863404 1e-9 1e-9
11527 587.1400992863404 1e-9 1e-9
11528 587.1400992863404 1e-9 1e-9
11529 587.1400992863404 1e-9 1e-9
11530 587.1400992863404 1e-9 1e-9
11531 587.1400992863404 1e-9 1e-9
11532 587.1400992863404 1e-9 1e-9
11533 587.1400992863404 1e-9 1e-9
11534 587.1400992863404 1e-9 1e-9
11535 587.1400992863404 1e-9 1e-9
11536 582.6997703363404 1e-9 1e-9
11537 25.67544873 1e-9 1e-9
11538 25.67544873 1e-9 1e-9
11539 25.67544873 1e-9 1e-9
11540 25.67544873 1e-9 1e-9
11541 25.67544873 1e-9 1e-9
11542 25.67544873 1e-9 1e-9
11543 25.67544873 1e-9 1e-9
11544 25.67544873 1e-9 1e-9
11545 25.67544873 1e-9 1e-9
11546 25.67544873 1e-9 1e-9
11547 25.67544873 1e-9 1e-9
11548 25.67544873 1e-9 1e-9
11549 25.67544873 1e-9 1e-9
11550 25.67544873 1e-9 1e-9
11551 25.67544873 1e-9 1e-9
11552 25.67544873 1e-9 1e-9
11553 25.67544873 1e-9 1e-9
11554 25.67544873 1e-9 1e-9
11555 25.67544873 1e-9 1e-9
11556 25.67544873 1e-9 1e-9
11557 25.67544873 1e-9 1e-9
11558 25.67544873 1e-9 1e-9
11559 25.67544873 1e-9 1e-9
11560 25.67544873 1e-9 1e-9
11561 25.67544873 1e-9 1e-9
11562 25.67544873 1e-9 1e-9
11563 25.67544873 1e-9 1e-9
11564 25.67544873 1e-9 1e-9
11565 25.67544873 1e-9 1e-9
11566 25.67544873 1e-9 1e-9
11567 25.67544873 1e-9 1e-9
11568 25.67544873 1e-9 1e-9
11569 25.67544873 1e-9 1e-9
11570 25.67544873 1e-9 1e-9
11571 25.67544873 1e-9 1e-9
11572 25.67544873 1e-9 1e-9
11573 25.67544873 1e-9 1e-9
11574 25.67544873 1e-9 1e-9
11575 25.67544873 1e-9 1e-9
11576 25.67544873 1e-9 1e-9
11577 25.67544873 1e-9 1e-9
11578 25.67544873 1e-9 1e-9
11579 25.67544873 1e-9 1e-9
11580 25.67544873 1e-9 1e-9
11581 25.67544873 1e-9 1e-9
11582 25.67544873 1e-9 1e-9
11583 25.67544873 1e-9 1e-9
11584 25.67544873 1e-9 1e-9
11585 1.31938875 1e-9 1e-9
11586 1.31938875 1e-9 1e-9
11587 1.31938875 1e-9 1e-9
11588 1.31938875 1e-9 1e-9
11589 1.31938875 1e-9 1e-9
11590 1.31938875 1e-9 1e-9
11591 1.31938875 1e-9 1e-9
11592 1.31938875 1e-9 1e-9
11593 1.31938875 1e-9 1e-9
11594 1.31938875 1e-9 1e-9
11595 1.31938875 1e-9 1e-9
11596 1.31938875 1e-9 1e-9
11597 1.31938875 1e-9 1e-9
11598 1.31938875 1e-9 1e-9
11599 1.31938875 1e-9 1e-9
11600 1.31938875 1e-9 1e-9
11601 1.31938875 1e-9 1e-9
11602 1.31938875 1e-9 1e-9
11603 1.31938875 1e-9 1e-9
11604 1.31938875 1e-9 1e-9
11605 1.31938875 1e-9 1e-9
11606 1.31938875 1e-9 1e-9
11607 1.31938875 1e-9 1e-9
11608 1.31938875 1e-9 1e-9
11609 1.31938875 1e-9 1e-9
11610 1.31938875 1e-9 1e-9
11611 1.31938875 1e-9 1e-9
11612 1.31938875 1e-9 1e-9
11613 1.31938875 1e-9 1e-9
11614 1.31938875 1e-9 1e-9
11615 1.31938875 1e-9 1e-9
11616 1.31938875 1e-9 1e-9
11617 1.31938875 1e-9 1e-9
11618 1.31938875 1e-9 1e-9
11619 1.31938875 1e-9 1e-9
11620 1.31938875 1e-9 1e-9
11621 1.31938875 1e-9 1e-9
11622 1.31938875 1e-9 1e-9
11623 1.31938875 1e-9 1e-9
11624 1.31938875 1e-9 1e-9
11625 1.31938875 1e-9 1e-9
11626 1.31938875 1e-9 1e-9
11627 1.31938875 1e-9 1e-9
11628 1.31938875 1e-9 1e-9
11629 1.31938875 1e-9 1e-9
11630 1.31938875 1e-9 1e-9
11631 1.31938875 1e-9 1e-9
11632 1.31938875 1e-9 1e-9
11644 7.450788249999999 1e-9 1e-9
11645 7.450788249999999 1e-9 1e-9
11668 7.450788249999999 1e-9 1e-9
11669 7.450788249999999 1e-9 1e-9
11681 582.6997703363404 1e-9 1e-9
11682 587.1400992863404 1e-9 1e-9
11683 587.1400992863404 1e-9 1e-9
11684 587.1400992863404 1e-9 1e-9
11685 587.1400992863404 1e-9 1e-9
11686 587.1400992863404 1e-9 1e-9
11687 587.1400992863404 1e-9 1e-9
11688 587.1400992863404 1e-9 1e-9
11689 587.1400992863404 1e-9 1e-9
11690 587.1400992863404 1e-9 1e-9
11691 587.1400992863404 1e-9 1e-9
11692 582.6997703363404 1e-9 1e-9
11693 582.6997703363404 1e-9 1e-9
11694 587.1400992863404 1e-9 1e-9
11695 587.1400992863404 1e-9 1e-9
11696 587.1400992863404 1e-9 1e-9
11697 587.1400992863404 1e-9 1e-9
11698 587.1400992863404 1e-9 1e-9
11699 587.1400992863404 1e-9 1e-9
11700 587.1400992863404 1e-9 1e-9
11701 587.1400992863404 1e-9 1e-9
11702 587.1400992863404 1e-9 1e-9
11703 587.1400992863404 1e-9 1e-9
11704 582.6997703363404 1e-9 1e-9
11705 582.6997703363404 1e-9 1e-9
11706 587.1400992863404 1e-9 1e-9
11707 587.1400992863404 1e-9 1e-9
11708 587.1400992863404 1e-9 1e-9
11709 587.1400992863404 1e-9 1e-9
11710 587.1400992863404 1e-9 1e-9
11711 587.1400992863404 1e-9 1e-9
11712 587.1400992863404 1e-9 1e-9
11713 587.1400992863404 1e-9 1e-9
11714 587.1400992863404 1e-9 1e-9
11715 587.1400992863404 1e-9 1e-9
11716 582.6997703363404 1e-9 1e-9
11717 582.6997703363404 1e-9 1e-9
11718 587.1400992863404 1e-9 1e-9
11719 587.1400992863404 1e-9 1e-9
11720 587.1400992863404 1e-9 1e-9
11721 587.1400992863404 1e-9 1e-9
11722 587.1400992863404 1e-9 1e-9
11723 587.1400992863404 1e-9 1e-9
11724 587.1400992863404 1e-9 1e-9
11725 587.1400992863404 1e-9 1e-9
11726 587.1400992863404 1e-9 1e-9
11727 587.1400992863404 1e-9 1e-9
11728 582.6997703363404 1e-9 1e-9
11729 25.67544873 1e-9 1e-9
11730 25.67544873 1e-9 1e-9
11731 25.67544873 1e-9 1e-9
11732 25.67544873 1e-9 1e-9
11733 25.67544873 1e-9 1e-9
11734 25.67544873 1e-9 1e-9
11735 25.67544873 1e-9 1e-9
11736 25.67544873 1e-9 1e-9
11737 25.67544873 1e-9 1e-9
11738 25.67544873 1e-9 1e-9
11739 25.67544873 1e-9 1e-9
11740 25.67544873 1e-9 1e-9
11741 25.67544873 1e-9 1e-9
11742 25.67544873 1e-9 1e-9
11743 25.67544873 1e-9 1e-9
11744 25.67544873 1e-9 1e-9
11745 25.67544873 1e-9 1e-9
11746 25.67544873 1e-9 1e-9
11747 25.67544873 1e-9 1e-9
11748 25.67544873 1e-9 1e-9
11749 25.67544873 1e-9 1e-9
11750 25.67544873 1e-9 1e-9
11751 25.67544873 1e-9 1e-9
11752 25.67544873 1e-9 1e-9
11753 25.67544873 1e-9 1e-9
11754 25.67544873 1e-9 1e-9
11755 25.67544873 1e-9 1e-9
11756 25.67544873 1e-9 1e-9
11757 25.67544873 1e-9 1e-9
11758 25.67544873 1e-9 1e-9
11759 25.67544873 1e-9 1e-9
11760 25.67544873 1e-9 1e-9
11761 25.67544873 1e-9 1e-9
11762 25.67544873 1e-9 1e-9
11763 25.67544873 1e-9 1e-9
11764 25.67544873 1e-9 1e-9
11765 25.67544873 1e-9 1e-9
11766 25.67544873 1e-9 1e-9
11767 25.67544873 1e-9 1e-9
11768 25.67544873 1e-9 1e-9
11769 25.67544873 1e-9 1e-9
11770 25.67544873 1e-9 1e-9
11771 25.67544873 1e-9 1e-9
11772 25.67544873 1e-9 1e-9
11773 25.67544873 1e-9 1e-9
11774 25.67544873 1e-9 1e-9
11775 25.67544873 1e-9 1e-9
11776 25.67544873 1e-9 1e-9
11777 1.31938875 1e-9 1e-9
11778 1.31938875 1e-9 1e-9
11779 1.31938875 1e-9 1e-9
11780 1.31938875 1e-9 1e-9
11781 1.31938875 1e-9 1e-9
11782 1.31938875 1e-9 1e-9
11783 1.31938875 1e-9 1e-9
11784 1.31938875 1e-9 1e-9
11785 1.31938875 1e-9 1e-9
11786 1.31938875 1e-9 1e-9
11787 1.31938875 1e-9 1e-9
11788 1.31938875 1e-9 1e-9
11789 1.31938875 1e-9 1e-9
11790 1.31938875 1e-9 1e-9
11791 1.31938875 1e-9 1e-9
11792 1.31938875 1e-9 1e-9
11793 1.31938875 1e-9 1e-9
11794 1.31938875 1e-9 1e-9
11795 1.31938875 1e-9 1e-9
11796 1.31938875 1e-9 1e-9
11797 1.31938875 1e-9 1e-9
11798 1.31938875 1e-9 1e-9
11799 1.31938875 1e-9 1e-9
11800 1.31938875 1e-9 1e-9
11801 1.31938875 1e-9 1e-9
11802 1.31938875 1e-9 1e-9
11803 1.31938875 1e-9 1e-9
11804 1.31938875 1e-9 1e-9
11805 1.31938875 1e-9 1e-9
11806 1.31938875 1e-9 1e-9
11807 1.31938875 1e-9 1e-9
11808 1.31938875 1e-9 1e-9
11809 1.31938875 1e-9 1e-9
11810 1.31938875 1e-9 1e-9
11811 1.31938875 1e-9 1e-9
11812 1.31938875 1e-9 1e-9
11813 1.31938875 1e-9 1e-9
11814 1.31938875 1e-9 1e-9
11815 1.31938875 1e-9 1e-9
11816 1.31938875 1e-9 1e-9
11817 1.31938875 1e-9 1e-9
11818 1.31938875 1e-9 1e-9
11819 1.31938875 1e-9 1e-9
11820 1.31938875 1e-9 1e-9
11821 1.31938875 1e-9 1e-9
11822 1.31938875 1e-9 1e-9
11823 1.31938875 1e-9 1e-9
11824 1.31938875 1e-9 1e-9
4002 100.0 1e-9 1e-9
4004 100.0 1e-9 1e-9
4006 100.0 1e-9 1e-9
4008 100.0 1e-9 1e-9
4010 100.0 1e-9 1e-9
4012 100.0 1e-9 1e-9
4014 100.0 1e-9 1e-9
4016 100.0 1e-9 1e-9
4018 100.0 1e-9 1e-9
4020 100.0 1e-9 1e-9
4022 100.0 1e-9 1e-9
4024 100.0 1e-9 1e-9
4026 100.0 1e-9 1e-9
4028 100.0 1e-9 1e-9
4030 100.0 1e-9 1e-9
4032 100.0 1e-9 1e-9
4034 100.0 1e-9 1e-9
4036 100.0 1e-9 1e-9
4038 100.0 1e-9 1e-9
4040 100.0 1e-9 1e-9
4042 100.0 1e-9 1e-9
4044 100.0 1e-9 1e-9
4046 100.0 1e-9 1e-9
4048 100.0 1e-9 1e-9
4050 100.0 1e-9 1e-9
4052 100.0 1e-9 1e-9
4054 100.0 1e-9 1e-9
4056 100.0 1e-9 1e-9
4058 100.0 1e-9 1e-9
4060 100.0 1e-9 1e-9
4062 100.0 1e-9 1e-9
4064 100.0 1e-9 1e-9
4066 100.0 1e-9 1e-9
4068 100.0 1e-9 1e-9
4070 100.0 1e-9 1e-9
4072 100.0 1e-9 1e-9
4074 100.0 1e-9 1e-9
4076 100.0 1e-9 1e-9
4078 100.0 1e-9 1e-9
4080 100.0 1e-9 1e-9
4082 100.0 1e-9 1e-9
4084 100.0 1e-9 1e-9
4086 100.0 1e-9 1e-9
4088 100.0 1e-9 1e-9
4090 100.0 1e-9 1e-9
4092 100.0 1e-9 1e-9
4094 100.0 1e-9 1e-9
4096 100.0 1e-9 1e-9
4098 100.0 1e-9 1e-9
4100 100.0 1e-9 1e-9
4102 100.0 1e-9 1e-9
4104 100.0 1e-9 1e-9
4106 100.0 1e-9 1e-9
4108 100.0 1e-9 1e-9
4110 100.0 1e-9 1e-9
4112 100.0 1e-9 1e-9
4114 100.0 1e-9 1e-9
4116 100.0 1e-9 1e-9
4118 100.0 1e-9 1e-9
4120 100.0 1e-9 1e-9
4122 100.0 1e-9 1e-9
4124 100.0 1e-9 1e-9
4126 100.0 1e-9 1e-9
4128 100.0 1e-9 1e-9
4130 100.0 1e-9 1e-9
4132 100.0 1e-9 1e-9
4134 100.0 1e-9 1e-9
4136 100.0 1e-9 1e-9
4138 100.0 1e-9 1e-9
4140 100.0 1e-9 1e-9
4142 100.0 1e-9 1e-9
4144 100.0 1e-9 1e-9
4146 100.0 1e-9 1e-9
4148 100.0 1e-9 1e-9
4150 100.0 1e-9 1e-9
4152 100.0 1e-9 1e-9
4154 100.0 1e-9 1e-9
4156 100.0 1e-9 1e-9
4158 100.0 1e-9 1e-9
4160 100.0 1e-9 1e-9
4162 100.0 1e-9 1e-9
