11001 1001 1003
11002 1003 1005
11003 1005 1007
11004 1007 1009
11005 1009 1011
11006 1011 1013
11007 1013 1015
11008 1015 1017
11009 1017 1019
11010 1019 1021
11011 1021 1023
11012 1023 1025
11013 1025 1027
11014 1027 1029
11015 1029 1031
11016 1031 1033
11017 1033 1035
11018 1035 1037
11019 1037 1039
11020 1039 1041
11021 1002 1004
11022 1004 1006
11023 1006 1008
11024 1008 1010
11025 1010 1012
11026 1012 1014
11027 1014 1016
11028 1016 1018
11029 1018 1020
11030 1020 1022
11031 1022 1024
11032 1024 1026
11033 1026 1028
11034 1028 1030
11035 1030 1032
11036 1032 1034
11037 1034 1036
11038 1036 1038
11039 1038 1040
11040 1040 1042
12002 1003 1043
12003 1043 1006
12004 1004 1044
12005 1044 1005
12007 1005 1045
12008 1045 1008
12009 1006 1046
12010 1046 1007
12012 1007 1047
12013 1047 1010
12014 1008 1048
12015 1048 1009
12017 1009 1049
12018 1049 1012
12019 1010 1050
12020 1050 1011
12022 1011 1051
12023 1051 1014
12024 1012 1052
12025 1052 1013
12027 1013 1053
12028 1053 1016
12029 1014 1054
12030 1054 1015
12032 1015 1055
12033 1055 1018
12034 1016 1056
12035 1056 1017
12037 1017 1057
12038 1057 1020
12039 1018 1058
12040 1058 1019
12042 1019 1059
12043 1059 1022
12044 1020 1060
12045 1060 1021
12047 1021 1061
12048 1061 1024
12049 1022 1062
12050 1062 1023
12052 1023 1063
12053 1063 1026
12054 1024 1064
12055 1064 1025
12057 1025 1065
12058 1065 1028
12059 1026 1066
12060 1066 1027
12062 1027 1067
12063 1067 1030
12064 1028 1068
12065 1068 1029
12067 1029 1069
12068 1069 1032
12069 1030 1070
12070 1070 1031
12072 1031 1071
12073 1071 1034
12074 1032 1072
12075 1072 1033
12077 1033 1073
12078 1073 1036
12079 1034 1074
12080 1074 1035
12082 1035 1075
12083 1075 1038
12084 1036 1076
12085 1076 1037
12087 1037 1077
12088 1077 1040
12089 1038 1078
12090 1078 1039
12092 1039 1079
12093 1079 1042
12094 1040 1080
12095 1080 1041
13001 1003 1004
13002 1005 1006
13003 1007 1008
13004 1009 1010
13005 1011 1012
13006 1013 1014
13007 1015 1016
13008 1017 1018
13009 1019 1020
13010 1021 1022
13011 1023 1024
13012 1025 1026
13013 1027 1028
13014 1029 1030
13015 1031 1032
13016 1033 1034
13017 1035 1036
13018 1037 1038
13019 1039 1040
21001 2001 2004
21002 2004 2007
21003 2007 2010
21004 2010 2013
21005 2013 2016
21006 2016 2019
21007 2019 2022
21008 2022 2025
21009 2025 2028
21010 2028 2031
21011 2031 2034
21012 2034 2037
21013 2037 2040
21014 2040 2043
21015 2043 2046
21016 2046 2049
21017 2049 2052
21018 2052 2055
21019 2055 2058
21020 2058 2061
21021 2002 2005
21022 2005 2008
21023 2008 2011
21024 2011 2014
21025 2014 2017
21026 2017 2020
21027 2020 2023
21028 2023 2026
21029 2026 2029
21030 2029 2032
21031 2032 2035
21032 2035 2038
21033 2038 2041
21034 2041 2044
21035 2044 2047
21036 2047 2050
21037 2050 2053
21038 2053 2056
21039 2056 2059
21040 2059 2062
21041 2003 2006
21042 2006 2009
21043 2009 2012
21044 2012 2015
21045 2015 2018
21046 2018 2021
21047 2021 2024
21048 2024 2027
21049 2027 2030
21050 2030 2033
21051 2033 2036
21052 2036 2039
21053 2039 2042
21054 2042 2045
21055 2045 2048
21056 2048 2051
21057 2051 2054
21058 2054 2057
21059 2057 2060
21060 2060 2063
22001 2004 2064
22002 2064 2008
22003 2005 2065
22004 2065 2007
22006 2007 2066
22007 2066 2011
22009 2011 2067
22010 2067 2013
22012 2013 2068
22013 2068 2017
22015 2017 2069
22016 2069 2019
22018 2019 2070
22019 2070 2023
22021 2023 2071
22022 2071 2025
22024 2025 2072
22025 2072 2029
22027 2029 2073
22028 2073 2031
22030 2031 2074
22031 2074 2035
22033 2035 2075
22034 2075 2037
22036 2037 2076
22037 2076 2041
22039 2041 2077
22040 2077 2043
22042 2043 2078
22043 2078 2047
22045 2047 2079
22046 2079 2049
22048 2049 2080
22049 2080 2053
22051 2053 2081
22052 2081 2055
22054 2055 2082
22055 2082 2059
22057 2059 2083
22058 2083 2061
22059 2005 2084
22060 2084 2009
22061 2006 2085
22062 2085 2008
22064 2009 2086
22065 2086 2011
22067 2011 2087
22068 2087 2015
22070 2015 2088
22071 2088 2017
22073 2017 2089
22074 2089 2021
22076 2021 2090
22077 2090 2023
22079 2023 2091
22080 2091 2027
22082 2027 2092
22083 2092 2029
22085 2029 2093
22086 2093 2033
22088 2033 2094
22089 2094 2035
22091 2035 2095
22092 2095 2039
22094 2039 2096
22095 2096 2041
22097 2041 2097
22098 2097 2045
22100 2045 2098
22101 2098 2047
22103 2047 2099
22104 2099 2051
22106 2051 2100
22107 2100 2053
22109 2053 2101
22110 2101 2057
22112 2057 2102
22113 2102 2059
22115 2059 2103
22116 2103 2063
23001 2004 2005
23002 2007 2008
23003 2010 2011
23004 2013 2014
23005 2016 2017
23006 2019 2020
23007 2022 2023
23008 2025 2026
23009 2028 2029
23010 2031 2032
23011 2034 2035
23012 2037 2038
23013 2040 2041
23014 2043 2044
23015 2046 2047
23016 2049 2050
23017 2052 2053
23018 2055 2056
23019 2058 2059
23020 2005 2006
23021 2008 2009
23022 2011 2012
23023 2014 2015
23024 2017 2018
23025 2020 2021
23026 2023 2024
23027 2026 2027
23028 2029 2030
23029 2032 2033
23030 2035 2036
23031 2038 2039
23032 2041 2042
23033 2044 2045
23034 2047 2048
23035 2050 2051
23036 2053 2054
23037 2056 2057
23038 2059 2060
31001 3001 3004
31002 3004 3007
31003 3007 3010
31004 3010 3013
31005 3013 3016
31006 3016 3019
31007 3019 3022
31008 3022 3025
31009 3025 3028
31010 3028 3031
31011 3031 3034
31012 3034 3037
31013 3037 3040
31014 3040 3043
31015 3043 3046
31016 3046 3049
31017 3049 3052
31018 3052 3055
31019 3055 3058
31020 3058 3061
31021 3002 3005
31022 3005 3008
31023 3008 3011
31024 3011 3014
31025 3014 3017
31026 3017 3020
31027 3020 3023
31028 3023 3026
31029 3026 3029
31030 3029 3032
31031 3032 3035
31032 3035 3038
31033 3038 3041
31034 3041 3044
31035 3044 3047
31036 3047 3050
31037 3050 3053
31038 3053 3056
31039 3056 3059
31040 3059 3062
31041 3003 3006
31042 3006 3009
31043 3009 3012
31044 3012 3015
31045 3015 3018
31046 3018 3021
31047 3021 3024
31048 3024 3027
31049 3027 3030
31050 3030 3033
31051 3033 3036
31052 3036 3039
31053 3039 3042
31054 3042 3045
31055 3045 3048
31056 3048 3051
31057 3051 3054
31058 3054 3057
31059 3057 3060
31060 3060 3063
32001 3004 3064
32002 3064 3008
32003 3005 3065
32004 3065 3007
32006 3007 3066
32007 3066 3011
32009 3011 3067
32010 3067 3013
32012 3013 3068
32013 3068 3017
32015 3017 3069
32016 3069 3019
32018 3019 3070
32019 3070 3023
32021 3023 3071
32022 3071 3025
32024 3025 3072
32025 3072 3029
32027 3029 3073
32028 3073 3031
32030 3031 3074
32031 3074 3035
32033 3035 3075
32034 3075 3037
32036 3037 3076
32037 3076 3041
32039 3041 3077
32040 3077 3043
32042 3043 3078
32043 3078 3047
32045 3047 3079
32046 3079 3049
32048 3049 3080
32049 3080 3053
32051 3053 3081
32052 3081 3055
32054 3055 3082
32055 3082 3059
32057 3059 3083
32058 3083 3061
32059 3005 3084
32060 3084 3009
32061 3006 3085
32062 3085 3008
32064 3009 3086
32065 3086 3011
32067 3011 3087
32068 3087 3015
32070 3015 3088
32071 3088 3017
32073 3017 3089
32074 3089 3021
32076 3021 3090
32077 3090 3023
32079 3023 3091
32080 3091 3027
32082 3027 3092
32083 3092 3029
32085 3029 3093
32086 3093 3033
32088 3033 3094
32089 3094 3035
32091 3035 3095
32092 3095 3039
32094 3039 3096
32095 3096 3041
32097 3041 3097
32098 3097 3045
32100 3045 3098
32101 3098 3047
32103 3047 3099
32104 3099 3051
32106 3051 3100
32107 3100 3053
32109 3053 3101
32110 3101 3057
32112 3057 3102
32113 3102 3059
32115 3059 3103
32116 3103 3063
33001 3004 3005
33002 3007 3008
33003 3010 3011
33004 3013 3014
33005 3016 3017
33006 3019 3020
33007 3022 3023
33008 3025 3026
33009 3028 3029
33010 3031 3032
33011 3034 3035
33012 3037 3038
33013 3040 3041
33014 3043 3044
33015 3046 3047
33016 3049 3050
33017 3052 3053
33018 3055 3056
33019 3058 3059
33020 3005 3006
33021 3008 3009
33022 3011 3012
33023 3014 3015
33024 3017 3018
33025 3020 3021
33026 3023 3024
33027 3026 3027
33028 3029 3030
33029 3032 3033
33030 3035 3036
33031 3038 3039
33032 3041 3042
33033 3044 3045
33034 3047 3048
33035 3050 3051
33036 3053 3054
33037 3056 3057
33038 3059 3060
41001 4001 4004
41002 4004 4007
41003 4007 4010
41004 4010 4013
41005 4013 4016
41006 4016 4019
41007 4019 4022
41008 4022 4025
41009 4025 4028
41010 4028 4031
41011 4031 4034
41012 4034 4037
41013 4037 4040
41014 4040 4043
41015 4043 4046
41016 4046 4049
41017 4049 4052
41018 4052 4055
41019 4055 4058
41020 4058 4061
41021 4002 4005
41022 4005 4008
41023 4008 4011
41024 4011 4014
41025 4014 4017
41026 4017 4020
41027 4020 4023
41028 4023 4026
41029 4026 4029
41030 4029 4032
41031 4032 4035
41032 4035 4038
41033 4038 4041
41034 4041 4044
41035 4044 4047
41036 4047 4050
41037 4050 4053
41038 4053 4056
41039 4056 4059
41040 4059 4062
41041 4003 4006
41042 4006 4009
41043 4009 4012
41044 4012 4015
41045 4015 4018
41046 4018 4021
41047 4021 4024
41048 4024 4027
41049 4027 4030
41050 4030 4033
41051 4033 4036
41052 4036 4039
41053 4039 4042
41054 4042 4045
41055 4045 4048
41056 4048 4051
41057 4051 4054
41058 4054 4057
41059 4057 4060
41060 4060 4063
42001 4004 4064
42002 4064 4008
42003 4005 4065
42004 4065 4007
42006 4007 4066
42007 4066 4011
42009 4011 4067
42010 4067 4013
42012 4013 4068
42013 4068 4017
42015 4017 4069
42016 4069 4019
42018 4019 4070
42019 4070 4023
42021 4023 4071
42022 4071 4025
42024 4025 4072
42025 4072 4029
42027 4029 4073
42028 4073 4031
42030 4031 4074
42031 4074 4035
42033 4035 4075
42034 4075 4037
42036 4037 4076
42037 4076 4041
42039 4041 4077
42040 4077 4043
42042 4043 4078
42043 4078 4047
42045 4047 4079
42046 4079 4049
42048 4049 4080
42049 4080 4053
42051 4053 4081
42052 4081 4055
42054 4055 4082
42055 4082 4059
42057 4059 4083
42058 4083 4061
42059 4005 4084
42060 4084 4009
42061 4006 4085
42062 4085 4008
42064 4009 4086
42065 4086 4011
42067 4011 4087
42068 4087 4015
42070 4015 4088
42071 4088 4017
42073 4017 4089
42074 4089 4021
42076 4021 4090
42077 4090 4023
42079 4023 4091
42080 4091 4027
42082 4027 4092
42083 4092 4029
42085 4029 4093
42086 4093 4033
42088 4033 4094
42089 4094 4035
42091 4035 4095
42092 4095 4039
42094 4039 4096
42095 4096 4041
42097 4041 4097
42098 4097 4045
42100 4045 4098
42101 4098 4047
42103 4047 4099
42104 4099 4051
42106 4051 4100
42107 4100 4053
42109 4053 4101
42110 4101 4057
42112 4057 4102
42113 4102 4059
42115 4059 4103
42116 4103 4063
43001 4004 4005
43002 4007 4008
43003 4010 4011
43004 4013 4014
43005 4016 4017
43006 4019 4020
43007 4022 4023
43008 4025 4026
43009 4028 4029
43010 4031 4032
43011 4034 4035
43012 4037 4038
43013 4040 4041
43014 4043 4044
43015 4046 4047
43016 4049 4050
43017 4052 4053
43018 4055 4056
43019 4058 4059
43020 4005 4006
43021 4008 4009
43022 4011 4012
43023 4014 4015
43024 4017 4018
43025 4020 4021
43026 4023 4024
43027 4026 4027
43028 4029 4030
43029 4032 4033
43030 4035 4036
43031 4038 4039
43032 4041 4042
43033 4044 4045
43034 4047 4048
43035 4050 4051
43036 4053 4054
43037 4056 4057
43038 4059 4060
51001 5001 5004
51002 5004 5007
51003 5007 5010
51004 5010 5013
51005 5013 5016
51006 5016 5019
51007 5019 5022
51008 5022 5025
51009 5025 5028
51010 5028 5031
51011 5031 5034
51012 5034 5037
51013 5037 5040
51014 5040 5043
51015 5043 5046
51016 5046 5049
51017 5049 5052
51018 5052 5055
51019 5055 5058
51020 5058 5061
51021 5002 5005
51022 5005 5008
51023 5008 5011
51024 5011 5014
51025 5014 5017
51026 5017 5020
51027 5020 5023
51028 5023 5026
51029 5026 5029
51030 5029 5032
51031 5032 5035
51032 5035 5038
51033 5038 5041
51034 5041 5044
51035 5044 5047
51036 5047 5050
51037 5050 5053
51038 5053 5056
51039 5056 5059
51040 5059 5062
51041 5003 5006
51042 5006 5009
51043 5009 5012
51044 5012 5015
51045 5015 5018
51046 5018 5021
51047 5021 5024
51048 5024 5027
51049 5027 5030
51050 5030 5033
51051 5033 5036
51052 5036 5039
51053 5039 5042
51054 5042 5045
51055 5045 5048
51056 5048 5051
51057 5051 5054
51058 5054 5057
51059 5057 5060
51060 5060 5063
52001 5004 5064
52002 5064 5008
52003 5005 5065
52004 5065 5007
52006 5007 5066
52007 5066 5011
52009 5011 5067
52010 5067 5013
52012 5013 5068
52013 5068 5017
52015 5017 5069
52016 5069 5019
52018 5019 5070
52019 5070 5023
52021 5023 5071
52022 5071 5025
52024 5025 5072
52025 5072 5029
52027 5029 5073
52028 5073 5031
52030 5031 5074
52031 5074 5035
52033 5035 5075
52034 5075 5037
52036 5037 5076
52037 5076 5041
52039 5041 5077
52040 5077 5043
52042 5043 5078
52043 5078 5047
52045 5047 5079
52046 5079 5049
52048 5049 5080
52049 5080 5053
52051 5053 5081
52052 5081 5055
52054 5055 5082
52055 5082 5059
52057 5059 5083
52058 5083 5061
52059 5005 5084
52060 5084 5009
52061 5006 5085
52062 5085 5008
52064 5009 5086
52065 5086 5011
52067 5011 5087
52068 5087 5015
52070 5015 5088
52071 5088 5017
52073 5017 5089
52074 5089 5021
52076 5021 5090
52077 5090 5023
52079 5023 5091
52080 5091 5027
52082 5027 5092
52083 5092 5029
52085 5029 5093
52086 5093 5033
52088 5033 5094
52089 5094 5035
52091 5035 5095
52092 5095 5039
52094 5039 5096
52095 5096 5041
52097 5041 5097
52098 5097 5045
52100 5045 5098
52101 5098 5047
52103 5047 5099
52104 5099 5051
52106 5051 5100
52107 5100 5053
52109 5053 5101
52110 5101 5057
52112 5057 5102
52113 5102 5059
52115 5059 5103
52116 5103 5063
53001 5004 5005
53002 5007 5008
53003 5010 5011
53004 5013 5014
53005 5016 5017
53006 5019 5020
53007 5022 5023
53008 5025 5026
53009 5028 5029
53010 5031 5032
53011 5034 5035
53012 5037 5038
53013 5040 5041
53014 5043 5044
53015 5046 5047
53016 5049 5050
53017 5052 5053
53018 5055 5056
53019 5058 5059
53020 5005 5006
53021 5008 5009
53022 5011 5012
53023 5014 5015
53024 5017 5018
53025 5020 5021
53026 5023 5024
53027 5026 5027
53028 5029 5030
53029 5032 5033
53030 5035 5036
53031 5038 5039
53032 5041 5042
53033 5044 5045
53034 5047 5048
53035 5050 5051
53036 5053 5054
53037 5056 5057
53038 5059 5060
61001 6001 6003
61002 6003 6005
61003 6005 6007
61004 6007 6009
61005 6009 6011
61006 6011 6013
61007 6013 6015
61008 6015 6017
61009 6017 6019
61010 6019 6021
61011 6021 6023
61012 6023 6025
61013 6025 6027
61014 6027 6029
61015 6029 6031
61016 6031 6033
61017 6033 6035
61018 6035 6037
61019 6037 6039
61020 6039 6041
61021 6002 6004
61022 6004 6006
61023 6006 6008
61024 6008 6010
61025 6010 6012
61026 6012 6014
61027 6014 6016
61028 6016 6018
61029 6018 6020
61030 6020 6022
61031 6022 6024
61032 6024 6026
61033 6026 6028
61034 6028 6030
61035 6030 6032
61036 6032 6034
61037 6034 6036
61038 6036 6038
61039 6038 6040
61040 6040 6042
62002 6003 6043
62003 6043 6006
62004 6004 6044
62005 6044 6005
62007 6005 6045
62008 6045 6008
62009 6006 6046
62010 6046 6007
62012 6007 6047
62013 6047 6010
62014 6008 6048
62015 6048 6009
62017 6009 6049
62018 6049 6012
62019 6010 6050
62020 6050 6011
62022 6011 6051
62023 6051 6014
62024 6012 6052
62025 6052 6013
62027 6013 6053
62028 6053 6016
62029 6014 6054
62030 6054 6015
62032 6015 6055
62033 6055 6018
62034 6016 6056
62035 6056 6017
62037 6017 6057
62038 6057 6020
62039 6018 6058
62040 6058 6019
62042 6019 6059
62043 6059 6022
62044 6020 6060
62045 6060 6021
62047 6021 6061
62048 6061 6024
62049 6022 6062
62050 6062 6023
62052 6023 6063
62053 6063 6026
62054 6024 6064
62055 6064 6025
62057 6025 6065
62058 6065 6028
62059 6026 6066
62060 6066 6027
62062 6027 6067
62063 6067 6030
62064 6028 6068
62065 6068 6029
62067 6029 6069
62068 6069 6032
62069 6030 6070
62070 6070 6031
62072 6031 6071
62073 6071 6034
62074 6032 6072
62075 6072 6033
62077 6033 6073
62078 6073 6036
62079 6034 6074
62080 6074 6035
62082 6035 6075
62083 6075 6038
62084 6036 6076
62085 6076 6037
62087 6037 6077
62088 6077 6040
62089 6038 6078
62090 6078 6039
62092 6039 6079
62093 6079 6042
62094 6040 6080
62095 6080 6041
63001 6003 6004
63002 6005 6006
63003 6007 6008
63004 6009 6010
63005 6011 6012
63006 6013 6014
63007 6015 6016
63008 6017 6018
63009 6019 6020
63010 6021 6022
63011 6023 6024
63012 6025 6026
63013 6027 6028
63014 6029 6030
63015 6031 6032
63016 6033 6034
63017 6035 6036
63018 6037 6038
63019 6039 6040
71001 7001 7003
71002 7002 7004
71003 7003 7005
71004 7004 7006
71005 7005 7007
71006 7006 7008
71007 7007 7009
71008 7008 7010
71009 7009 7011
71010 7010 7012
71011 7011 7013
71012 7012 7014
71013 7013 7015
71014 7014 7016
71015 7015 7017
71016 7016 7018
71017 7017 7019
71018 7018 7020
71019 7019 7021
71020 7020 7022
71021 7021 7023
71022 7022 7024
71023 7023 7025
71024 7024 7026
71025 7025 7027
71026 7026 7028
71027 7027 7029
71028 7028 7030
71029 7029 7031
71030 7030 7032
71031 7031 7033
71032 7032 7034
71033 7033 7035
71034 7034 7036
71035 7035 7037
71036 7036 7038
71037 7037 7039
71038 7038 7040
71039 7039 7041
71040 7040 7042
72001 7001 7002
72002 7003 7004
72003 7005 7006
72004 7007 7008
72005 7009 7010
72006 7011 7012
72007 7013 7014
72008 7015 7016
72009 7017 7018
72010 7019 7020
72011 7021 7022
72012 7023 7024
72013 7025 7026
72014 7027 7028
72015 7029 7030
72016 7031 7032
72017 7033 7034
72018 7035 7036
72019 7037 7038
72020 7039 7040
72021 7041 7042
73001 7002 7003
73002 7004 7005
73003 7006 7007
73004 7008 7009
73005 7010 7011
73006 7012 7013
73007 7014 7015
73008 7016 7017
73009 7018 7019
73010 7020 7021
73011 7021 7024
73012 7023 7026
73013 7025 7028
73014 7027 7030
73015 7029 7032
73016 7031 7034
73017 7033 7036
73018 7035 7038
73019 7037 7040
73020 7039 7042
