1003 50 1e-9 1e-9
1004 50 1e-9 1e-9
1005 50 1e-9 1e-9
1006 50 1e-9 1e-9
1007 50 1e-9 1e-9
1008 50 1e-9 1e-9
1009 50 1e-9 1e-9
1010 50 1e-9 1e-9
1011 50 1e-9 1e-9
1012 50 1e-9 1e-9
1013 50 1e-9 1e-9
1014 50 1e-9 1e-9
1015 50 1e-9 1e-9
1016 50 1e-9 1e-9
1017 50 1e-9 1e-9
1018 50 1e-9 1e-9
1019 50 1e-9 1e-9
1020 50 1e-9 1e-9
1021 50 1e-9 1e-9
1022 50 1e-9 1e-9
1023 50 1e-9 1e-9
1024 50 1e-9 1e-9
1025 50 1e-9 1e-9
1026 50 1e-9 1e-9
1027 50 1e-9 1e-9
1028 50 1e-9 1e-9
1029 50 1e-9 1e-9
1030 50 1e-9 1e-9
1031 50 1e-9 1e-9
1032 50 1e-9 1e-9
1033 50 1e-9 1e-9
1034 50 1e-9 1e-9
1035 50 1e-9 1e-9
1036 50 1e-9 1e-9
1037 50 1e-9 1e-9
1038 50 1e-9 1e-9
1039 50 1e-9 1e-9
1040 50 1e-9 1e-9
1041 50 1e-9 1e-9
1042 50 1e-9 1e-9
2004 50 1e-9 1e-9
2005 100 1e-9 1e-9
2006 50 1e-9 1e-9
2007 50 1e-9 1e-9
2008 100 1e-9 1e-9
2009 50 1e-9 1e-9
2010 50 1e-9 1e-9
2011 100 1e-9 1e-9
2012 50 1e-9 1e-9
2013 50 1e-9 1e-9
2014 100 1e-9 1e-9
2015 50 1e-9 1e-9
2016 50 1e-9 1e-9
2017 100 1e-9 1e-9
2018 50 1e-9 1e-9
2019 50 1e-9 1e-9
2020 100 1e-9 1e-9
2021 50 1e-9 1e-9
2022 50 1e-9 1e-9
2023 100 1e-9 1e-9
2024 50 1e-9 1e-9
2025 50 1e-9 1e-9
2026 100 1e-9 1e-9
2027 50 1e-9 1e-9
2028 50 1e-9 1e-9
2029 100 1e-9 1e-9
2030 50 1e-9 1e-9
2031 50 1e-9 1e-9
2032 100 1e-9 1e-9
2033 50 1e-9 1e-9
2034 50 1e-9 1e-9
2035 100 1e-9 1e-9
2036 50 1e-9 1e-9
2037 50 1e-9 1e-9
2038 100 1e-9 1e-9
2039 50 1e-9 1e-9
2040 50 1e-9 1e-9
2041 100 1e-9 1e-9
2042 50 1e-9 1e-9
2043 50 1e-9 1e-9
2044 100 1e-9 1e-9
2045 50 1e-9 1e-9
2046 50 1e-9 1e-9
2047 100 1e-9 1e-9
2048 50 1e-9 1e-9
2049 50 1e-9 1e-9
2050 100 1e-9 1e-9
2051 50 1e-9 1e-9
2052 50 1e-9 1e-9
2053 100 1e-9 1e-9
2054 50 1e-9 1e-9
2055 50 1e-9 1e-9
2056 100 1e-9 1e-9
2057 50 1e-9 1e-9
2058 50 1e-9 1e-9
2059 100 1e-9 1e-9
2060 50 1e-9 1e-9
2061 50 1e-9 1e-9
2062 100 1e-9 1e-9
2063 50 1e-9 1e-9
3004 50 1e-9 1e-9
3005 100 1e-9 1e-9
3006 50 1e-9 1e-9
3007 50 1e-9 1e-9
3008 100 1e-9 1e-9
3009 50 1e-9 1e-9
3010 50 1e-9 1e-9
3011 100 1e-9 1e-9
3012 50 1e-9 1e-9
3013 50 1e-9 1e-9
3014 100 1e-9 1e-9
3015 50 1e-9 1e-9
3016 50 1e-9 1e-9
3017 100 1e-9 1e-9
3018 50 1e-9 1e-9
3019 50 1e-9 1e-9
3020 100 1e-9 1e-9
3021 50 1e-9 1e-9
3022 50 1e-9 1e-9
3023 100 1e-9 1e-9
3024 50 1e-9 1e-9
3025 50 1e-9 1e-9
3026 100 1e-9 1e-9
3027 50 1e-9 1e-9
3028 50 1e-9 1e-9
3029 100 1e-9 1e-9
3030 50 1e-9 1e-9
3031 50 1e-9 1e-9
3032 100 1e-9 1e-9
3033 50 1e-9 1e-9
3034 50 1e-9 1e-9
3035 100 1e-9 1e-9
3036 50 1e-9 1e-9
3037 50 1e-9 1e-9
3038 100 1e-9 1e-9
3039 50 1e-9 1e-9
3040 50 1e-9 1e-9
3041 100 1e-9 1e-9
3042 50 1e-9 1e-9
3043 50 1e-9 1e-9
3044 100 1e-9 1e-9
3045 50 1e-9 1e-9
3046 50 1e-9 1e-9
3047 100 1e-9 1e-9
3048 50 1e-9 1e-9
3049 50 1e-9 1e-9
3050 100 1e-9 1e-9
3051 50 1e-9 1e-9
3052 50 1e-9 1e-9
3053 100 1e-9 1e-9
3054 50 1e-9 1e-9
3055 50 1e-9 1e-9
3056 100 1e-9 1e-9
3057 50 1e-9 1e-9
3058 50 1e-9 1e-9
3059 100 1e-9 1e-9
3060 50 1e-9 1e-9
3061 50 1e-9 1e-9
3062 100 1e-9 1e-9
3063 50 1e-9 1e-9
4004 50 1e-9 1e-9
4005 100 1e-9 1e-9
4006 50 1e-9 1e-9
4007 50 1e-9 1e-9
4008 100 1e-9 1e-9
4009 50 1e-9 1e-9
4010 50 1e-9 1e-9
4011 100 1e-9 1e-9
4012 50 1e-9 1e-9
4013 50 1e-9 1e-9
4014 100 1e-9 1e-9
4015 50 1e-9 1e-9
4016 50 1e-9 1e-9
4017 100 1e-9 1e-9
4018 50 1e-9 1e-9
4019 50 1e-9 1e-9
4020 100 1e-9 1e-9
4021 50 1e-9 1e-9
4022 50 1e-9 1e-9
4023 100 1e-9 1e-9
4024 50 1e-9 1e-9
4025 50 1e-9 1e-9
4026 100 1e-9 1e-9
4027 50 1e-9 1e-9
4028 50 1e-9 1e-9
4029 100 1e-9 1e-9
4030 50 1e-9 1e-9
4031 50 1e-9 1e-9
4032 100 1e-9 1e-9
4033 50 1e-9 1e-9
4034 50 1e-9 1e-9
4035 100 1e-9 1e-9
4036 50 1e-9 1e-9
4037 50 1e-9 1e-9
4038 100 1e-9 1e-9
4039 50 1e-9 1e-9
4040 50 1e-9 1e-9
4041 100 1e-9 1e-9
4042 50 1e-9 1e-9
4043 50 1e-9 1e-9
4044 100 1e-9 1e-9
4045 50 1e-9 1e-9
4046 50 1e-9 1e-9
4047 100 1e-9 1e-9
4048 50 1e-9 1e-9
4049 50 1e-9 1e-9
4050 100 1e-9 1e-9
4051 50 1e-9 1e-9
4052 50 1e-9 1e-9
4053 100 1e-9 1e-9
4054 50 1e-9 1e-9
4055 50 1e-9 1e-9
4056 100 1e-9 1e-9
4057 50 1e-9 1e-9
4058 50 1e-9 1e-9
4059 100 1e-9 1e-9
4060 50 1e-9 1e-9
4061 50 1e-9 1e-9
4062 100 1e-9 1e-9
4063 50 1e-9 1e-9
5004 50 1e-9 1e-9
5005 100 1e-9 1e-9
5006 50 1e-9 1e-9
5007 50 1e-9 1e-9
5008 100 1e-9 1e-9
5009 50 1e-9 1e-9
5010 50 1e-9 1e-9
5011 100 1e-9 1e-9
5012 50 1e-9 1e-9
5013 50 1e-9 1e-9
5014 100 1e-9 1e-9
5015 50 1e-9 1e-9
5016 50 1e-9 1e-9
5017 100 1e-9 1e-9
5018 50 1e-9 1e-9
5019 50 1e-9 1e-9
5020 100 1e-9 1e-9
5021 50 1e-9 1e-9
5022 50 1e-9 1e-9
5023 100 1e-9 1e-9
5024 50 1e-9 1e-9
5025 50 1e-9 1e-9
5026 100 1e-9 1e-9
5027 50 1e-9 1e-9
5028 50 1e-9 1e-9
5029 100 1e-9 1e-9
5030 50 1e-9 1e-9
5031 50 1e-9 1e-9
5032 100 1e-9 1e-9
5033 50 1e-9 1e-9
5034 50 1e-9 1e-9
5035 100 1e-9 1e-9
5036 50 1e-9 1e-9
5037 50 1e-9 1e-9
5038 100 1e-9 1e-9
5039 50 1e-9 1e-9
5040 50 1e-9 1e-9
5041 100 1e-9 1e-9
5042 50 1e-9 1e-9
5043 50 1e-9 1e-9
5044 100 1e-9 1e-9
5045 50 1e-9 1e-9
5046 50 1e-9 1e-9
5047 100 1e-9 1e-9
5048 50 1e-9 1e-9
5049 50 1e-9 1e-9
5050 100 1e-9 1e-9
5051 50 1e-9 1e-9
5052 50 1e-9 1e-9
5053 100 1e-9 1e-9
5054 50 1e-9 1e-9
5055 50 1e-9 1e-9
5056 100 1e-9 1e-9
5057 50 1e-9 1e-9
5058 50 1e-9 1e-9
5059 100 1e-9 1e-9
5060 50 1e-9 1e-9
5061 50 1e-9 1e-9
5062 100 1e-9 1e-9
5063 50 1e-9 1e-9
6003 50 1e-9 1e-9
6004 50 1e-9 1e-9
6005 50 1e-9 1e-9
6006 50 1e-9 1e-9
6007 50 1e-9 1e-9
6008 50 1e-9 1e-9
6009 50 1e-9 1e-9
6010 50 1e-9 1e-9
6011 50 1e-9 1e-9
6012 50 1e-9 1e-9
6013 50 1e-9 1e-9
6014 50 1e-9 1e-9
6015 50 1e-9 1e-9
6016 50 1e-9 1e-9
6017 50 1e-9 1e-9
6018 50 1e-9 1e-9
6019 50 1e-9 1e-9
6020 50 1e-9 1e-9
6021 50 1e-9 1e-9
6022 50 1e-9 1e-9
6023 50 1e-9 1e-9
6024 50 1e-9 1e-9
6025 50 1e-9 1e-9
6026 50 1e-9 1e-9
6027 50 1e-9 1e-9
6028 50 1e-9 1e-9
6029 50 1e-9 1e-9
6030 50 1e-9 1e-9
6031 50 1e-9 1e-9
6032 50 1e-9 1e-9
6033 50 1e-9 1e-9
6034 50 1e-9 1e-9
6035 50 1e-9 1e-9
6036 50 1e-9 1e-9
6037 50 1e-9 1e-9
6038 50 1e-9 1e-9
6039 50 1e-9 1e-9
6040 50 1e-9 1e-9
6041 50 1e-9 1e-9
6042 50 1e-9 1e-9
7002 50.0 1e-9 1e-9
7004 50.0 1e-9 1e-9
7006 50.0 1e-9 1e-9
7008 50.0 1e-9 1e-9
7010 50.0 1e-9 1e-9
7012 50.0 1e-9 1e-9
7014 50.0 1e-9 1e-9
7016 50.0 1e-9 1e-9
7018 50.0 1e-9 1e-9
7020 50.0 1e-9 1e-9
7022 50.0 1e-9 1e-9
7024 50.0 1e-9 1e-9
7026 50.0 1e-9 1e-9
7028 50.0 1e-9 1e-9
7030 50.0 1e-9 1e-9
7032 50.0 1e-9 1e-9
7034 50.0 1e-9 1e-9
7036 50.0 1e-9 1e-9
7038 50.0 1e-9 1e-9
7040 50.0 1e-9 1e-9
7042 50.0 1e-9 1e-9
