11001 1001 1003
11002 1003 1005
11003 1005 1007
11004 1007 1009
11005 1009 1011
11006 1011 1013
11007 1013 1015
11008 1015 1017
11009 1017 1019
11010 1019 1021
11011 1021 1023
11012 1023 1025
11013 1025 1027
11014 1027 1029
11015 1029 1031
11016 1031 1033
11017 1033 1035
11018 1035 1037
11019 1037 1039
11020 1039 1041
11021 1002 1004
11022 1004 1006
11023 1006 1008
11024 1008 1010
11025 1010 1012
11026 1012 1014
11027 1014 1016
11028 1016 1018
11029 1018 1020
11030 1020 1022
11031 1022 1024
11032 1024 1026
11033 1026 1028
11034 1028 1030
11035 1030 1032
11036 1032 1034
11037 1034 1036
11038 1036 1038
11039 1038 1040
11040 1040 1042
12001 1003 1006
12002 1004 1005
12003 1005 1008
12004 1006 1007
12005 1007 1010
12006 1008 1009
12007 1009 1012
12008 1010 1011
12009 1011 1014
12010 1012 1013
12011 1013 1016
12012 1014 1015
12013 1015 1018
12014 1016 1017
12015 1017 1020
12016 1018 1019
12017 1019 1022
12018 1020 1021
12019 1021 1024
12020 1022 1023
12021 1023 1026
12022 1024 1025
12023 1025 1028
12024 1026 1027
12025 1027 1030
12026 1028 1029
12027 1029 1032
12028 1030 1031
12029 1031 1034
12030 1032 1033
12031 1033 1036
12032 1034 1035
12033 1035 1038
12034 1036 1037
12035 1037 1040
12036 1038 1039
12037 1039 1042
12038 1040 1041
13001 1003 1004
13002 1005 1006
13003 1007 1008
13004 1009 1010
13005 1011 1012
13006 1013 1014
13007 1015 1016
13008 1017 1018
13009 1019 1020
13010 1021 1022
13011 1023 1024
13012 1025 1026
13013 1027 1028
13014 1029 1030
13015 1031 1032
13016 1033 1034
13017 1035 1036
13018 1037 1038
13019 1039 1040
21001 2001 2004
21002 2004 2007
21003 2007 2010
21004 2010 2013
21005 2013 2016
21006 2016 2019
21007 2019 2022
21008 2022 2025
21009 2025 2028
21010 2028 2031
21011 2031 2034
21012 2034 2037
21013 2037 2040
21014 2040 2043
21015 2043 2046
21016 2046 2049
21017 2049 2052
21018 2052 2055
21019 2055 2058
21020 2058 2061
21021 2002 2005
21022 2005 2008
21023 2008 2011
21024 2011 2014
21025 2014 2017
21026 2017 2020
21027 2020 2023
21028 2023 2026
21029 2026 2029
21030 2029 2032
21031 2032 2035
21032 2035 2038
21033 2038 2041
21034 2041 2044
21035 2044 2047
21036 2047 2050
21037 2050 2053
21038 2053 2056
21039 2056 2059
21040 2059 2062
21041 2003 2006
21042 2006 2009
21043 2009 2012
21044 2012 2015
21045 2015 2018
21046 2018 2021
21047 2021 2024
21048 2024 2027
21049 2027 2030
21050 2030 2033
21051 2033 2036
21052 2036 2039
21053 2039 2042
21054 2042 2045
21055 2045 2048
21056 2048 2051
21057 2051 2054
21058 2054 2057
21059 2057 2060
21060 2060 2063
22001 2004 2008
22002 2005 2007
22004 2007 2011
22006 2011 2013
22008 2013 2017
22010 2017 2019
22012 2019 2023
22014 2023 2025
22016 2025 2029
22018 2029 2031
22020 2031 2035
22022 2035 2037
22024 2037 2041
22026 2041 2043
22028 2043 2047
22030 2047 2049
22032 2049 2053
22034 2053 2055
22036 2055 2059
22038 2059 2061
22039 2005 2009
22040 2006 2008
22042 2009 2011
22044 2011 2015
22046 2015 2017
22048 2017 2021
22050 2021 2023
22052 2023 2027
22054 2027 2029
22056 2029 2033
22058 2033 2035
22060 2035 2039
22062 2039 2041
22064 2041 2045
22066 2045 2047
22068 2047 2051
22070 2051 2053
22072 2053 2057
22074 2057 2059
22076 2059 2063
23001 2004 2005
23002 2007 2008
23003 2010 2011
23004 2013 2014
23005 2016 2017
23006 2019 2020
23007 2022 2023
23008 2025 2026
23009 2028 2029
23010 2031 2032
23011 2034 2035
23012 2037 2038
23013 2040 2041
23014 2043 2044
23015 2046 2047
23016 2049 2050
23017 2052 2053
23018 2055 2056
23019 2058 2059
23020 2005 2006
23021 2008 2009
23022 2011 2012
23023 2014 2015
23024 2017 2018
23025 2020 2021
23026 2023 2024
23027 2026 2027
23028 2029 2030
23029 2032 2033
23030 2035 2036
23031 2038 2039
23032 2041 2042
23033 2044 2045
23034 2047 2048
23035 2050 2051
23036 2053 2054
23037 2056 2057
23038 2059 2060
31001 3001 3004
31002 3004 3007
31003 3007 3010
31004 3010 3013
31005 3013 3016
31006 3016 3019
31007 3019 3022
31008 3022 3025
31009 3025 3028
31010 3028 3031
31011 3031 3034
31012 3034 3037
31013 3037 3040
31014 3040 3043
31015 3043 3046
31016 3046 3049
31017 3049 3052
31018 3052 3055
31019 3055 3058
31020 3058 3061
31021 3002 3005
31022 3005 3008
31023 3008 3011
31024 3011 3014
31025 3014 3017
31026 3017 3020
31027 3020 3023
31028 3023 3026
31029 3026 3029
31030 3029 3032
31031 3032 3035
31032 3035 3038
31033 3038 3041
31034 3041 3044
31035 3044 3047
31036 3047 3050
31037 3050 3053
31038 3053 3056
31039 3056 3059
31040 3059 3062
31041 3003 3006
31042 3006 3009
31043 3009 3012
31044 3012 3015
31045 3015 3018
31046 3018 3021
31047 3021 3024
31048 3024 3027
31049 3027 3030
31050 3030 3033
31051 3033 3036
31052 3036 3039
31053 3039 3042
31054 3042 3045
31055 3045 3048
31056 3048 3051
31057 3051 3054
31058 3054 3057
31059 3057 3060
31060 3060 3063
32001 3004 3008
32002 3005 3007
32004 3007 3011
32006 3011 3013
32008 3013 3017
32010 3017 3019
32012 3019 3023
32014 3023 3025
32016 3025 3029
32018 3029 3031
32020 3031 3035
32022 3035 3037
32024 3037 3041
32026 3041 3043
32028 3043 3047
32030 3047 3049
32032 3049 3053
32034 3053 3055
32036 3055 3059
32038 3059 3061
32039 3005 3009
32040 3006 3008
32042 3009 3011
32044 3011 3015
32046 3015 3017
32048 3017 3021
32050 3021 3023
32052 3023 3027
32054 3027 3029
32056 3029 3033
32058 3033 3035
32060 3035 3039
32062 3039 3041
32064 3041 3045
32066 3045 3047
32068 3047 3051
32070 3051 3053
32072 3053 3057
32074 3057 3059
32076 3059 3063
33001 3004 3005
33002 3007 3008
33003 3010 3011
33004 3013 3014
33005 3016 3017
33006 3019 3020
33007 3022 3023
33008 3025 3026
33009 3028 3029
33010 3031 3032
33011 3034 3035
33012 3037 3038
33013 3040 3041
33014 3043 3044
33015 3046 3047
33016 3049 3050
33017 3052 3053
33018 3055 3056
33019 3058 3059
33020 3005 3006
33021 3008 3009
33022 3011 3012
33023 3014 3015
33024 3017 3018
33025 3020 3021
33026 3023 3024
33027 3026 3027
33028 3029 3030
33029 3032 3033
33030 3035 3036
33031 3038 3039
33032 3041 3042
33033 3044 3045
33034 3047 3048
33035 3050 3051
33036 3053 3054
33037 3056 3057
33038 3059 3060
41001 4001 4004
41002 4004 4007
41003 4007 4010
41004 4010 4013
41005 4013 4016
41006 4016 4019
41007 4019 4022
41008 4022 4025
41009 4025 4028
41010 4028 4031
41011 4031 4034
41012 4034 4037
41013 4037 4040
41014 4040 4043
41015 4043 4046
41016 4046 4049
41017 4049 4052
41018 4052 4055
41019 4055 4058
41020 4058 4061
41021 4002 4005
41022 4005 4008
41023 4008 4011
41024 4011 4014
41025 4014 4017
41026 4017 4020
41027 4020 4023
41028 4023 4026
41029 4026 4029
41030 4029 4032
41031 4032 4035
41032 4035 4038
41033 4038 4041
41034 4041 4044
41035 4044 4047
41036 4047 4050
41037 4050 4053
41038 4053 4056
41039 4056 4059
41040 4059 4062
41041 4003 4006
41042 4006 4009
41043 4009 4012
41044 4012 4015
41045 4015 4018
41046 4018 4021
41047 4021 4024
41048 4024 4027
41049 4027 4030
41050 4030 4033
41051 4033 4036
41052 4036 4039
41053 4039 4042
41054 4042 4045
41055 4045 4048
41056 4048 4051
41057 4051 4054
41058 4054 4057
41059 4057 4060
41060 4060 4063
42001 4004 4008
42002 4005 4007
42004 4007 4011
42006 4011 4013
42008 4013 4017
42010 4017 4019
42012 4019 4023
42014 4023 4025
42016 4025 4029
42018 4029 4031
42020 4031 4035
42022 4035 4037
42024 4037 4041
42026 4041 4043
42028 4043 4047
42030 4047 4049
42032 4049 4053
42034 4053 4055
42036 4055 4059
42038 4059 4061
42039 4005 4009
42040 4006 4008
42042 4009 4011
42044 4011 4015
42046 4015 4017
42048 4017 4021
42050 4021 4023
42052 4023 4027
42054 4027 4029
42056 4029 4033
42058 4033 4035
42060 4035 4039
42062 4039 4041
42064 4041 4045
42066 4045 4047
42068 4047 4051
42070 4051 4053
42072 4053 4057
42074 4057 4059
42076 4059 4063
43001 4004 4005
43002 4007 4008
43003 4010 4011
43004 4013 4014
43005 4016 4017
43006 4019 4020
43007 4022 4023
43008 4025 4026
43009 4028 4029
43010 4031 4032
43011 4034 4035
43012 4037 4038
43013 4040 4041
43014 4043 4044
43015 4046 4047
43016 4049 4050
43017 4052 4053
43018 4055 4056
43019 4058 4059
43020 4005 4006
43021 4008 4009
43022 4011 4012
43023 4014 4015
43024 4017 4018
43025 4020 4021
43026 4023 4024
43027 4026 4027
43028 4029 4030
43029 4032 4033
43030 4035 4036
43031 4038 4039
43032 4041 4042
43033 4044 4045
43034 4047 4048
43035 4050 4051
43036 4053 4054
43037 4056 4057
43038 4059 4060
51001 5001 5004
51002 5004 5007
51003 5007 5010
51004 5010 5013
51005 5013 5016
51006 5016 5019
51007 5019 5022
51008 5022 5025
51009 5025 5028
51010 5028 5031
51011 5031 5034
51012 5034 5037
51013 5037 5040
51014 5040 5043
51015 5043 5046
51016 5046 5049
51017 5049 5052
51018 5052 5055
51019 5055 5058
51020 5058 5061
51021 5002 5005
51022 5005 5008
51023 5008 5011
51024 5011 5014
51025 5014 5017
51026 5017 5020
51027 5020 5023
51028 5023 5026
51029 5026 5029
51030 5029 5032
51031 5032 5035
51032 5035 5038
51033 5038 5041
51034 5041 5044
51035 5044 5047
51036 5047 5050
51037 5050 5053
51038 5053 5056
51039 5056 5059
51040 5059 5062
51041 5003 5006
51042 5006 5009
51043 5009 5012
51044 5012 5015
51045 5015 5018
51046 5018 5021
51047 5021 5024
51048 5024 5027
51049 5027 5030
51050 5030 5033
51051 5033 5036
51052 5036 5039
51053 5039 5042
51054 5042 5045
51055 5045 5048
51056 5048 5051
51057 5051 5054
51058 5054 5057
51059 5057 5060
51060 5060 5063
52001 5004 5008
52002 5005 5007
52004 5007 5011
52006 5011 5013
52008 5013 5017
52010 5017 5019
52012 5019 5023
52014 5023 5025
52016 5025 5029
52018 5029 5031
52020 5031 5035
52022 5035 5037
52024 5037 5041
52026 5041 5043
52028 5043 5047
52030 5047 5049
52032 5049 5053
52034 5053 5055
52036 5055 5059
52038 5059 5061
52039 5005 5009
52040 5006 5008
52042 5009 5011
52044 5011 5015
52046 5015 5017
52048 5017 5021
52050 5021 5023
52052 5023 5027
52054 5027 5029
52056 5029 5033
52058 5033 5035
52060 5035 5039
52062 5039 5041
52064 5041 5045
52066 5045 5047
52068 5047 5051
52070 5051 5053
52072 5053 5057
52074 5057 5059
52076 5059 5063
53001 5004 5005
53002 5007 5008
53003 5010 5011
53004 5013 5014
53005 5016 5017
53006 5019 5020
53007 5022 5023
53008 5025 5026
53009 5028 5029
53010 5031 5032
53011 5034 5035
53012 5037 5038
53013 5040 5041
53014 5043 5044
53015 5046 5047
53016 5049 5050
53017 5052 5053
53018 5055 5056
53019 5058 5059
53020 5005 5006
53021 5008 5009
53022 5011 5012
53023 5014 5015
53024 5017 5018
53025 5020 5021
53026 5023 5024
53027 5026 5027
53028 5029 5030
53029 5032 5033
53030 5035 5036
53031 5038 5039
53032 5041 5042
53033 5044 5045
53034 5047 5048
53035 5050 5051
53036 5053 5054
53037 5056 5057
53038 5059 5060
61001 6001 6003
61002 6003 6005
61003 6005 6007
61004 6007 6009
61005 6009 6011
61006 6011 6013
61007 6013 6015
61008 6015 6017
61009 6017 6019
61010 6019 6021
61011 6021 6023
61012 6023 6025
61013 6025 6027
61014 6027 6029
61015 6029 6031
61016 6031 6033
61017 6033 6035
61018 6035 6037
61019 6037 6039
61020 6039 6041
61021 6002 6004
61022 6004 6006
61023 6006 6008
61024 6008 6010
61025 6010 6012
61026 6012 6014
61027 6014 6016
61028 6016 6018
61029 6018 6020
61030 6020 6022
61031 6022 6024
61032 6024 6026
61033 6026 6028
61034 6028 6030
61035 6030 6032
61036 6032 6034
61037 6034 6036
61038 6036 6038
61039 6038 6040
61040 6040 6042
62001 6003 6006
62002 6004 6005
62003 6005 6008
62004 6006 6007
62005 6007 6010
62006 6008 6009
62007 6009 6012
62008 6010 6011
62009 6011 6014
62010 6012 6013
62011 6013 6016
62012 6014 6015
62013 6015 6018
62014 6016 6017
62015 6017 6020
62016 6018 6019
62017 6019 6022
62018 6020 6021
62019 6021 6024
62020 6022 6023
62021 6023 6026
62022 6024 6025
62023 6025 6028
62024 6026 6027
62025 6027 6030
62026 6028 6029
62027 6029 6032
62028 6030 6031
62029 6031 6034
62030 6032 6033
62031 6033 6036
62032 6034 6035
62033 6035 6038
62034 6036 6037
62035 6037 6040
62036 6038 6039
62037 6039 6042
62038 6040 6041
63001 6003 6004
63002 6005 6006
63003 6007 6008
63004 6009 6010
63005 6011 6012
63006 6013 6014
63007 6015 6016
63008 6017 6018
63009 6019 6020
63010 6021 6022
63011 6023 6024
63012 6025 6026
63013 6027 6028
63014 6029 6030
63015 6031 6032
63016 6033 6034
63017 6035 6036
63018 6037 6038
63019 6039 6040
71001 7001 7003
71002 7002 7004
71003 7003 7005
71004 7004 7006
71005 7005 7007
71006 7006 7008
71007 7007 7009
71008 7008 7010
71009 7009 7011
71010 7010 7012
71011 7011 7013
71012 7012 7014
71013 7013 7015
71014 7014 7016
71015 7015 7017
71016 7016 7018
71017 7017 7019
71018 7018 7020
71019 7019 7021
71020 7020 7022
71021 7021 7023
71022 7022 7024
71023 7023 7025
71024 7024 7026
71025 7025 7027
71026 7026 7028
71027 7027 7029
71028 7028 7030
71029 7029 7031
71030 7030 7032
71031 7031 7033
71032 7032 7034
71033 7033 7035
71034 7034 7036
71035 7035 7037
71036 7036 7038
71037 7037 7039
71038 7038 7040
71039 7039 7041
71040 7040 7042
72001 7001 7002
72002 7003 7004
72003 7005 7006
72004 7007 7008
72005 7009 7010
72006 7011 7012
72007 7013 7014
72008 7015 7016
72009 7017 7018
72010 7019 7020
72011 7021 7022
72012 7023 7024
72013 7025 7026
72014 7027 7028
72015 7029 7030
72016 7031 7032
72017 7033 7034
72018 7035 7036
72019 7037 7038
72020 7039 7040
72021 7041 7042
73001 7002 7003
73002 7004 7005
73003 7006 7007
73004 7008 7009
73005 7010 7011
73006 7012 7013
73007 7014 7015
73008 7016 7017
73009 7018 7019
73010 7020 7021
73011 7021 7024
73012 7023 7026
73013 7025 7028
73014 7027 7030
73015 7029 7032
73016 7031 7034
73017 7033 7036
73018 7035 7038
73019 7037 7040
73020 7039 7042
